C Class,Count,Cumulative
194.120.116,256,256
45.155.167,256,512
185.232.18,256,768
45.155.164,256,1024
45.143.152,256,1280
185.66.89,256,1536
45.134.157,256,1792
51.83.160,256,2048
193.176.158,256,2304
45.155.166,256,2560
193.176.179,256,2816
194.120.24,256,3072
51.83.246,256,3328
45.155.165,256,3584
45.134.159,256,3840
193.176.190,256,4096
51.195.71,256,4352
185.232.17,256,4608
45.134.156,256,4864
45.143.154,256,5120
45.143.155,256,5376
51.83.202,256,5632
45.143.153,256,5888
193.176.153,256,6144
185.232.19,256,6400
185.232.16,256,6656
45.134.158,256,6912
185.66.88,256,7168
51.83.211,256,7424
51.210.89,255,7679
51.161.58,254,7933
95.217.100,248,8181
51.83.181,236,8417
51.161.60,224,8641
51.161.65,192,8833
51.89.87,192,9025
51.161.121,192,9217
51.161.28,192,9409
51.89.123,192,9601
51.161.48,192,9793
95.217.101,191,9984
46.161.13,191,10175
45.152.126,178,10353
46.161.12,168,10521
51.161.50,160,10681
51.89.207,144,10825
51.89.88,128,10953
51.83.210,128,11081
51.77.23,128,11209
51.77.75,128,11337
51.89.49,128,11465
51.75.81,128,11593
51.161.100,128,11721
54.39.113,128,11849
51.161.99,128,11977
198.50.165,128,12105
142.44.221,128,12233
51.77.95,128,12361
51.83.232,128,12489
51.89.47,128,12617
51.89.210,128,12745
51.89.28,128,12873
158.69.33,128,13001
51.79.122,127,13128
51.89.48,127,13255
51.81.237,125,13380
51.161.40,96,13476
135.181.12,80,13556
185.228.234,69,13625
193.160.96,65,13690
142.44.145,64,13754
144.217.119,64,13818
144.217.196,64,13882
51.161.51,64,13946
51.77.3,64,14010
54.39.155,64,14074
66.70.130,64,14138
51.161.6,64,14202
95.216.121,64,14266
54.39.211,64,14330
51.83.30,64,14394
144.217.236,64,14458
51.161.29,64,14522
142.44.231,64,14586
54.39.199,64,14650
158.69.10,64,14714
51.89.125,64,14778
95.217.93,64,14842
144.217.137,64,14906
51.89.127,64,14970
51.89.89,64,15034
66.70.236,64,15098
51.75.212,64,15162
192.99.132,63,15225
54.39.204,63,15288
95.217.123,63,15351
51.161.66,63,15414
95.217.82,62,15476
135.181.9,62,15538
51.178.12,62,15600
95.216.123,62,15662
147.135.43,61,15723
45.142.183,60,15783
95.216.125,60,15843
51.89.222,56,15899
45.14.224,40,15939
45.152.127,39,15978
104.161.79,34,16012
45.88.3,33,16045
51.75.100,33,16078
144.217.46,32,16110
192.99.230,32,16142
144.217.204,32,16174
95.216.124,32,16206
135.181.11,32,16238
51.89.61,32,16270
178.33.143,32,16302
51.161.41,32,16334
95.216.57,32,16366
95.216.54,32,16398
167.114.62,32,16430
198.50.139,32,16462
51.161.72,32,16494
51.91.162,32,16526
95.216.122,32,16558
95.216.85,32,16590
142.44.224,32,16622
51.89.45,32,16654
145.239.106,32,16686
185.187.154,32,16718
54.39.32,32,16750
51.79.4,32,16782
95.217.49,32,16814
46.4.185,32,16846
144.76.241,32,16878
158.69.8,32,16910
51.161.44,32,16942
66.70.231,32,16974
51.161.59,32,17006
144.217.58,32,17038
147.135.173,32,17070
192.99.228,32,17102
164.132.112,32,17134
147.135.152,32,17166
167.114.30,32,17198
142.44.252,32,17230
51.89.86,32,17262
95.216.48,32,17294
51.38.251,31,17325
148.251.72,31,17356
95.216.55,31,17387
51.77.7,30,17417
149.202.137,30,17447
169.62.159,20,17467
154.201.2,19,17486
198.100.155,18,17504
15.222.78,17,17521
188.40.183,16,17537
135.181.10,16,17553
51.79.8,16,17569
144.217.235,16,17585
51.89.46,16,17601
144.217.209,16,17617
54.39.37,16,17633
198.50.187,16,17649
192.99.87,16,17665
51.75.98,16,17681
15.222.75,16,17697
148.251.26,15,17712
148.163.76,15,17727
148.251.16,15,17742
51.79.60,15,17757
51.195.166,15,17772
51.79.5,14,17786
106.13.223,14,17800
193.187.174,13,17813
149.202.3,13,17826
51.81.239,13,17839
192.99.180,13,17852
47.252.79,13,17865
47.252.12,12,17877
47.253.1,12,17889
15.222.71,12,17901
185.121.25,12,17913
15.222.72,11,17924
82.199.133,11,17935
185.189.68,11,17946
106.13.221,11,17957
54.39.119,11,17968
47.252.9,11,17979
89.25.168,11,17990
80.255.2,10,18000
15.222.74,10,18010
15.222.73,10,18020
5.181.48,10,18030
202.97.251,10,18040
15.222.77,10,18050
15.222.54,9,18059
47.252.5,9,18068
15.222.49,9,18077
15.222.56,9,18086
15.222.76,9,18095
217.160.61,9,18104
116.202.177,9,18113
15.222.58,9,18122
47.252.0,9,18131
47.89.186,9,18140
15.222.69,9,18149
36.111.41,9,18158
47.90.244,9,18167
92.222.65,9,18176
51.77.113,8,18184
206.81.6,8,18192
159.69.248,8,18200
92.222.85,8,18208
51.38.78,8,18216
169.62.220,8,18224
47.253.2,8,18232
51.89.85,8,18240
212.227.206,8,18248
47.90.249,8,18256
217.160.67,8,18264
116.203.146,8,18272
116.202.10,8,18280
135.181.13,8,18288
116.203.183,8,18296
116.203.136,8,18304
47.252.75,8,18312
47.90.250,8,18320
158.69.138,8,18328
47.253.0,8,18336
15.222.50,8,18344
149.56.39,8,18352
192.95.53,8,18360
47.90.188,8,18368
154.81.2,8,18376
82.165.244,8,18384
47.90.251,8,18392
198.245.55,8,18400
51.81.17,7,18407
5.181.49,7,18414
213.252.247,7,18421
51.81.117,7,18428
167.86.121,7,18435
47.252.78,7,18442
47.252.82,7,18449
116.202.110,7,18456
159.69.109,7,18463
159.69.153,7,18470
185.52.1,7,18477
47.252.4,7,18484
47.252.74,7,18491
178.32.106,7,18498
217.160.66,7,18505
54.38.31,7,18512
185.52.0,7,18519
116.203.200,7,18526
47.252.2,7,18533
185.228.233,7,18540
95.217.9,7,18547
15.222.70,7,18554
217.160.65,7,18561
81.4.102,7,18568
51.81.0,7,18575
5.181.50,7,18582
159.69.202,7,18589
15.222.59,7,18596
51.75.249,6,18602
95.216.223,6,18608
47.252.10,6,18614
5.181.51,6,18620
47.90.242,6,18626
159.69.154,6,18632
95.217.166,6,18638
99.79.167,6,18644
154.81.3,6,18650
15.222.66,6,18656
99.79.186,6,18662
15.222.57,6,18668
47.252.77,6,18674
47.89.184,6,18680
106.13.204,6,18686
95.216.218,6,18692
47.251.6,6,18698
51.195.136,6,18704
47.252.13,6,18710
95.216.217,6,18716
106.13.203,6,18722
99.79.187,6,18728
167.114.88,6,18734
47.252.73,6,18740
82.165.115,6,18746
15.222.51,6,18752
47.252.11,6,18758
95.217.218,6,18764
47.252.1,6,18770
3.132.176,6,18776
47.90.252,6,18782
15.222.53,6,18788
47.90.245,6,18794
47.252.18,6,18800
217.160.64,6,18806
81.95.5,6,18812
51.254.84,5,18817
36.111.149,5,18822
15.222.19,5,18827
51.91.126,5,18832
51.178.86,5,18837
116.203.17,5,18842
51.75.201,5,18847
62.171.134,5,18852
79.137.81,5,18857
217.160.58,5,18862
47.90.246,5,18867
47.90.254,5,18872
116.202.8,5,18877
217.160.43,5,18882
47.57.80,5,18887
164.68.101,5,18892
51.75.78,5,18897
49.12.111,5,18902
136.243.231,5,18907
54.243.71,5,18912
217.160.60,5,18917
74.208.25,5,18922
159.89.113,5,18927
159.69.222,5,18932
47.90.207,5,18937
159.69.244,5,18942
62.171.153,5,18947
49.12.0,5,18952
198.98.60,5,18957
195.201.42,5,18962
81.4.109,5,18967
15.222.68,5,18972
192.99.168,5,18977
116.203.216,5,18982
95.216.202,5,18987
47.252.16,5,18992
47.252.7,5,18997
15.222.55,5,19002
116.203.156,5,19007
168.235.89,5,19012
47.241.56,5,19017
167.71.180,5,19022
82.165.116,5,19027
82.165.121,5,19032
134.209.203,5,19037
47.90.208,5,19042
47.253.3,5,19047
198.84.77,5,19052
134.122.25,5,19057
149.56.12,5,19062
15.222.48,5,19067
195.201.43,5,19072
168.235.68,5,19077
47.252.72,5,19082
99.79.188,5,19087
116.203.158,5,19092
99.79.90,5,19097
94.130.176,5,19102
116.203.132,5,19107
144.217.31,4,19111
44.228.86,4,19115
47.241.61,4,19119
87.106.194,4,19123
212.227.205,4,19127
192.99.79,4,19131
35.183.151,4,19135
149.56.80,4,19139
47.90.255,4,19143
142.44.185,4,19147
99.79.178,4,19151
99.79.171,4,19155
15.222.52,4,19159
47.90.248,4,19163
99.79.157,4,19167
157.230.109,4,19171
159.69.247,4,19175
51.38.128,4,19179
116.203.105,4,19183
74.208.211,4,19187
159.69.201,4,19191
47.90.212,4,19195
74.208.27,4,19199
192.95.62,4,19203
74.208.40,4,19207
95.216.194,4,19211
192.99.248,4,19215
99.79.139,4,19219
47.89.187,4,19223
51.178.41,4,19227
15.223.139,4,19231
142.4.192,4,19235
52.117.30,4,19239
47.252.85,4,19243
168.235.98,4,19247
47.90.210,4,19251
199.19.224,4,19255
47.252.83,4,19259
74.208.19,4,19263
95.216.203,4,19267
47.90.253,4,19271
149.56.6,4,19275
91.134.247,4,19279
91.134.187,4,19283
95.217.211,4,19287
99.79.182,4,19291
198.50.237,4,19295
47.252.84,4,19299
15.222.42,4,19303
107.191.111,4,19307
82.165.30,4,19311
47.89.176,4,19315
35.183.194,4,19319
116.202.108,4,19323
99.79.181,4,19327
66.70.144,4,19331
209.141.45,4,19335
95.216.220,4,19339
116.203.32,4,19343
99.79.132,4,19347
52.60.105,4,19351
52.60.114,4,19355
47.90.189,4,19359
168.235.88,4,19363
95.216.204,4,19367
94.130.177,4,19371
35.183.221,4,19375
167.172.243,4,19379
159.69.249,4,19383
51.89.164,4,19387
15.222.47,4,19391
82.165.124,4,19395
47.90.204,4,19399
217.160.63,4,19403
217.76.158,4,19407
54.37.19,4,19411
51.91.101,4,19415
159.69.194,4,19419
47.89.217,4,19423
164.68.102,4,19427
52.60.100,4,19431
35.182.125,4,19435
51.91.125,4,19439
161.35.126,4,19443
158.69.235,4,19447
35.183.240,4,19451
67.207.94,4,19455
78.47.115,4,19459
99.79.108,4,19463
66.70.206,4,19467
178.128.66,4,19471
99.79.174,4,19475
192.99.54,4,19479
78.46.151,4,19483
35.182.101,4,19487
47.252.15,4,19491
95.216.175,4,19495
95.217.5,4,19499
52.60.106,3,19502
95.216.201,3,19505
206.189.236,3,19508
35.182.18,3,19511
159.69.122,3,19514
15.222.41,3,19517
51.91.177,3,19520
149.248.16,3,19523
35.182.63,3,19526
185.215.214,3,19529
35.182.136,3,19532
159.69.203,3,19535
47.90.241,3,19538
44.226.85,3,19541
35.182.213,3,19544
95.216.197,3,19547
74.208.252,3,19550
107.191.104,3,19553
99.79.179,3,19556
95.216.158,3,19559
47.57.175,3,19562
107.175.254,3,19565
99.79.158,3,19568
47.254.122,3,19571
15.222.40,3,19574
176.56.237,3,19577
44.225.80,3,19580
47.90.202,3,19583
44.228.26,3,19586
52.60.222,3,19589
91.121.217,3,19592
209.141.57,3,19595
82.165.72,3,19598
47.89.180,3,19601
52.60.247,3,19604
217.76.159,3,19607
3.132.170,3,19610
185.177.92,3,19613
94.130.178,3,19616
99.79.183,3,19619
178.63.255,3,19622
44.224.213,3,19625
47.254.124,3,19628
188.166.88,3,19631
44.226.1,3,19634
209.141.58,3,19637
104.219.41,3,19640
168.235.86,3,19643
106.13.196,3,19646
52.60.201,3,19649
47.57.103,3,19652
52.60.70,3,19655
47.57.109,3,19658
99.79.172,3,19661
35.182.170,3,19664
142.93.157,3,19667
145.239.81,3,19670
82.165.207,3,19673
44.226.48,3,19676
116.203.186,3,19679
51.38.130,3,19682
95.179.153,3,19685
51.91.78,3,19688
217.182.25,3,19691
15.222.67,3,19694
47.241.62,3,19697
95.216.188,3,19700
47.89.178,3,19703
62.151.181,3,19706
51.75.200,3,19709
144.202.126,3,19712
44.226.227,3,19715
205.185.118,3,19718
99.79.1,3,19721
162.255.84,3,19724
78.47.166,3,19727
116.202.15,3,19730
155.138.232,3,19733
47.252.76,3,19736
81.4.103,3,19739
106.13.219,3,19742
116.203.109,3,19745
47.89.216,3,19748
116.203.102,3,19751
78.47.57,3,19754
99.79.173,3,19757
3.96.13,3,19760
167.99.157,3,19763
35.183.169,3,19766
47.90.209,3,19769
167.88.123,3,19772
47.252.24,3,19775
182.61.32,3,19778
44.227.63,3,19781
74.208.157,3,19784
106.13.220,3,19787
195.201.40,3,19790
168.235.67,3,19793
52.60.71,3,19796
159.203.9,3,19799
15.222.213,3,19802
99.79.180,3,19805
95.216.138,3,19808
52.60.147,3,19811
74.208.18,3,19814
216.250.119,3,19817
47.89.177,3,19820
185.139.70,3,19823
35.183.229,3,19826
95.217.11,3,19829
35.183.163,3,19832
78.47.45,3,19835
51.38.113,3,19838
149.202.245,3,19841
52.60.112,3,19844
198.71.63,3,19847
88.198.121,3,19850
51.38.129,3,19853
99.79.129,3,19856
45.77.109,3,19859
159.203.36,3,19862
195.201.235,3,19865
95.217.8,3,19868
47.89.231,3,19871
107.191.109,3,19874
78.47.217,3,19877
199.247.14,3,19880
185.52.2,3,19883
182.61.144,3,19886
15.222.18,3,19889
199.19.226,3,19892
15.222.232,3,19895
99.79.185,3,19898
47.252.8,3,19901
99.79.134,3,19904
51.77.137,3,19907
168.235.66,3,19910
35.183.89,3,19913
94.130.169,3,19916
52.60.69,3,19919
99.79.143,3,19922
209.141.37,3,19925
52.60.208,3,19928
35.182.180,3,19931
99.79.82,3,19934
206.189.200,3,19937
173.249.28,3,19940
35.182.47,3,19943
104.244.76,3,19946
74.208.26,3,19949
116.202.24,3,19952
116.203.64,3,19955
106.13.207,3,19958
47.252.14,3,19961
192.161.165,3,19964
134.209.199,3,19967
168.235.81,3,19970
82.223.5,3,19973
222.186.175,3,19976
116.203.45,3,19979
74.208.94,3,19982
52.60.236,3,19985
99.79.144,3,19988
99.79.184,3,19991
52.60.152,3,19994
47.90.211,3,19997
106.12.140,3,20000
77.68.27,3,20003
106.13.222,3,20006
52.60.171,3,20009
95.216.148,3,20012
35.183.164,3,20015
35.183.214,3,20018
3.132.125,3,20021
52.60.170,3,20024
47.252.6,3,20027
95.217.233,3,20030
159.69.152,3,20033
99.79.175,3,20036
35.182.116,3,20039
212.227.10,3,20042
47.89.219,3,20045
99.79.100,3,20048
47.252.17,3,20051
217.160.11,3,20054
116.203.157,3,20057
217.160.44,3,20060
47.252.80,3,20063
95.216.215,3,20066
52.60.81,3,20069
35.183.202,3,20072
82.165.112,3,20075
35.182.104,3,20078
162.255.85,3,20081
51.195.23,3,20084
52.60.126,3,20087
66.42.127,3,20090
159.69.151,3,20093
217.182.10,3,20096
44.226.106,3,20099
209.141.35,3,20102
87.106.157,3,20105
178.32.51,3,20108
82.165.251,3,20111
99.79.138,3,20114
165.22.17,3,20117
82.165.164,3,20120
52.60.44,3,20123
99.79.26,3,20126
3.232.154,3,20129
52.60.116,3,20132
185.228.232,3,20135
217.160.75,3,20138
99.79.148,3,20141
80.255.3,3,20144
47.90.206,3,20147
52.60.227,3,20150
35.182.102,3,20153
116.202.12,3,20156
44.224.224,3,20159
159.69.243,3,20162
95.216.169,3,20165
87.106.152,3,20168
44.228.96,3,20171
87.106.193,3,20174
144.91.82,3,20177
82.165.123,3,20180
52.60.73,3,20183
15.222.212,3,20186
52.60.132,3,20189
44.227.75,3,20192
168.235.82,3,20195
82.165.236,3,20198
107.191.106,3,20201
149.56.131,3,20204
95.217.17,3,20207
116.203.30,3,20210
95.216.174,3,20213
18.223.110,3,20216
82.165.120,3,20219
178.33.128,3,20222
35.183.59,3,20225
95.216.171,3,20228
116.203.29,3,20231
47.90.205,3,20234
205.185.124,3,20237
51.75.73,3,20240
47.241.60,3,20243
116.203.44,2,20245
95.217.215,2,20247
217.160.29,2,20249
80.240.28,2,20251
45.76.246,2,20253
52.60.206,2,20255
3.134.157,2,20257
44.228.27,2,20259
3.137.19,2,20261
188.165.139,2,20263
3.22.54,2,20265
168.235.110,2,20267
45.76.28,2,20269
99.79.113,2,20271
64.227.99,2,20273
116.203.84,2,20275
44.233.8,2,20277
44.224.149,2,20279
193.70.86,2,20281
67.205.157,2,20283
176.223.139,2,20285
99.79.117,2,20287
51.158.188,2,20289
140.82.39,2,20291
207.148.31,2,20293
44.228.213,2,20295
44.225.56,2,20297
140.82.43,2,20299
35.182.86,2,20301
47.89.188,2,20303
52.60.240,2,20305
99.79.11,2,20307
47.88.95,2,20309
95.179.130,2,20311
35.182.191,2,20313
15.222.216,2,20315
47.56.242,2,20317
52.60.149,2,20319
116.203.180,2,20321
35.183.189,2,20323
44.226.20,2,20325
99.79.150,2,20327
50.21.190,2,20329
135.181.30,2,20331
116.203.92,2,20333
100.22.9,2,20335
165.22.207,2,20337
18.191.175,2,20339
68.183.200,2,20341
44.228.50,2,20343
165.227.5,2,20345
95.179.250,2,20347
18.200.198,2,20349
95.217.212,2,20351
95.217.0,2,20353
217.160.15,2,20355
3.132.75,2,20357
44.227.170,2,20359
8.209.102,2,20361
155.138.202,2,20363
47.252.20,2,20365
195.201.41,2,20367
35.182.91,2,20369
149.248.12,2,20371
95.179.254,2,20373
3.132.173,2,20375
155.138.237,2,20377
217.160.59,2,20379
108.175.11,2,20381
3.134.211,2,20383
3.134.54,2,20385
3.132.183,2,20387
34.73.30,2,20389
3.136.237,2,20391
116.203.129,2,20393
159.69.193,2,20395
95.217.13,2,20397
52.60.119,2,20399
159.69.91,2,20401
44.226.130,2,20403
34.240.82,2,20405
18.189.158,2,20407
116.203.151,2,20409
44.226.61,2,20411
52.60.165,2,20413
178.128.145,2,20415
3.22.243,2,20417
99.81.128,2,20419
46.105.170,2,20421
95.217.1,2,20423
95.217.3,2,20425
44.227.41,2,20427
35.182.61,2,20429
157.245.34,2,20431
94.130.79,2,20433
15.222.125,2,20435
47.252.22,2,20437
52.60.231,2,20439
44.226.237,2,20441
44.228.55,2,20443
70.35.195,2,20445
164.132.43,2,20447
149.202.56,2,20449
35.183.154,2,20451
173.212.212,2,20453
159.69.120,2,20455
15.222.124,2,20457
116.202.29,2,20459
35.182.17,2,20461
206.189.239,2,20463
44.225.242,2,20465
47.251.5,2,20467
74.208.175,2,20469
52.60.210,2,20471
34.223.179,2,20473
18.223.71,2,20475
159.69.206,2,20477
95.216.213,2,20479
44.227.103,2,20481
95.217.165,2,20483
159.69.190,2,20485
168.235.83,2,20487
3.132.35,2,20489
52.60.196,2,20491
35.182.106,2,20493
68.183.81,2,20495
44.228.155,2,20497
18.216.200,2,20499
138.197.145,2,20501
44.225.19,2,20503
52.60.143,2,20505
13.56.68,2,20507
35.183.152,2,20509
82.165.160,2,20511
45.63.66,2,20513
137.74.46,2,20515
209.250.237,2,20517
95.217.154,2,20519
116.203.254,2,20521
64.227.103,2,20523
168.235.107,2,20525
44.224.215,2,20527
3.22.124,2,20529
15.222.138,2,20531
99.79.99,2,20533
52.60.168,2,20535
68.183.2,2,20537
44.227.69,2,20539
3.22.237,2,20541
3.22.213,2,20543
167.71.128,2,20545
35.183.139,2,20547
140.82.23,2,20549
18.200.56,2,20551
34.250.89,2,20553
99.79.28,2,20555
104.219.42,2,20557
35.183.233,2,20559
45.77.114,2,20561
78.47.194,2,20563
52.53.104,2,20565
35.183.237,2,20567
206.189.229,2,20569
52.60.92,2,20571
3.217.103,2,20573
47.90.200,2,20575
151.80.112,2,20577
15.222.209,2,20579
51.158.119,2,20581
15.222.211,2,20583
164.132.150,2,20585
107.191.98,2,20587
99.79.87,2,20589
149.28.127,2,20591
37.120.184,2,20593
47.56.161,2,20595
15.222.196,2,20597
3.137.43,2,20599
178.32.109,2,20601
167.86.122,2,20603
159.69.24,2,20605
35.162.31,2,20607
44.225.86,2,20609
168.235.103,2,20611
18.221.39,2,20613
44.227.223,2,20615
209.141.41,2,20617
35.182.45,2,20619
168.235.111,2,20621
182.61.146,2,20623
34.236.244,2,20625
15.223.84,2,20627
54.173.228,2,20629
3.23.18,2,20631
45.77.159,2,20633
95.217.18,2,20635
82.223.33,2,20637
44.226.123,2,20639
74.208.251,2,20641
47.57.73,2,20643
52.60.190,2,20645
52.60.137,2,20647
206.189.237,2,20649
35.226.180,2,20651
159.65.111,2,20653
205.185.123,2,20655
3.14.7,2,20657
95.217.214,2,20659
165.22.30,2,20661
138.201.90,2,20663
35.183.156,2,20665
52.60.136,2,20667
54.235.93,2,20669
217.160.13,2,20671
51.79.68,2,20673
44.228.118,2,20675
99.79.85,2,20677
44.225.222,2,20679
3.134.132,2,20681
52.60.51,2,20683
44.224.153,2,20685
209.141.52,2,20687
104.254.245,2,20689
74.208.216,2,20691
195.201.126,2,20693
95.216.208,2,20695
45.32.129,2,20697
18.224.183,2,20699
44.226.62,2,20701
159.69.210,2,20703
44.226.35,2,20705
116.202.23,2,20707
116.203.213,2,20709
116.203.117,2,20711
18.189.9,2,20713
45.32.211,2,20715
216.126.231,2,20717
52.210.218,2,20719
47.89.189,2,20721
47.57.174,2,20723
164.132.144,2,20725
206.189.98,2,20727
37.120.186,2,20729
47.241.67,2,20731
82.165.69,2,20733
68.183.194,2,20735
54.184.130,2,20737
44.225.109,2,20739
107.21.206,2,20741
51.158.107,2,20743
34.200.220,2,20745
52.60.194,2,20747
3.136.182,2,20749
44.224.144,2,20751
82.165.206,2,20753
116.203.189,2,20755
44.227.167,2,20757
94.200.7,2,20759
44.227.158,2,20761
99.79.145,2,20763
165.22.31,2,20765
168.235.109,2,20767
63.32.37,2,20769
3.248.103,2,20771
96.30.197,2,20773
52.60.202,2,20775
47.91.89,2,20777
165.227.203,2,20779
44.226.2,2,20781
49.12.104,2,20783
212.227.72,2,20785
52.8.191,2,20787
78.47.36,2,20789
95.217.7,2,20791
159.69.242,2,20793
54.38.190,2,20795
18.223.114,2,20797
54.235.156,2,20799
95.217.2,2,20801
194.135.81,2,20803
99.79.121,2,20805
95.216.172,2,20807
35.182.29,2,20809
52.60.209,2,20811
3.132.139,2,20813
52.60.199,2,20815
217.160.25,2,20817
149.28.113,2,20819
3.135.42,2,20821
217.163.30,2,20823
52.30.38,2,20825
47.241.74,2,20827
51.38.68,2,20829
47.88.93,2,20831
165.227.8,2,20833
49.12.3,2,20835
205.185.116,2,20837
104.254.246,2,20839
52.60.154,2,20841
47.91.95,2,20843
174.138.30,2,20845
3.14.64,2,20847
68.183.196,2,20849
52.60.89,2,20851
35.183.158,2,20853
159.69.82,2,20855
99.79.125,2,20857
44.225.8,2,20859
116.203.138,2,20861
99.79.86,2,20863
180.153.57,2,20865
149.28.206,2,20867
159.65.85,2,20869
44.228.228,2,20871
212.227.201,2,20873
95.217.213,2,20875
195.201.116,2,20877
35.183.55,2,20879
92.222.86,2,20881
159.69.119,2,20883
3.132.130,2,20885
47.90.201,2,20887
116.203.142,2,20889
182.61.28,2,20891
47.254.125,2,20893
34.251.133,2,20895
193.38.51,2,20897
99.79.155,2,20899
44.226.117,2,20901
52.60.122,2,20903
209.141.33,2,20905
81.4.106,2,20907
35.183.175,2,20909
52.213.55,2,20911
47.57.81,2,20913
54.72.234,2,20915
74.208.160,2,20917
35.182.9,2,20919
94.23.172,2,20921
47.56.226,2,20923
107.191.126,2,20925
209.141.55,2,20927
95.216.163,2,20929
99.79.84,2,20931
35.182.181,2,20933
136.243.116,2,20935
116.203.191,2,20937
82.223.196,2,20939
68.183.139,2,20941
35.182.155,2,20943
149.28.214,2,20945
51.68.188,2,20947
167.71.1,2,20949
3.14.3,2,20951
44.226.172,2,20953
5.196.110,2,20955
47.89.190,2,20957
108.128.15,2,20959
99.79.89,2,20961
8.209.103,2,20963
99.79.105,2,20965
35.182.210,2,20967
44.225.115,2,20969
164.68.103,2,20971
198.251.72,2,20973
44.227.73,2,20975
149.28.125,2,20977
45.76.1,2,20979
15.222.205,2,20981
116.203.178,2,20983
99.79.156,2,20985
188.165.6,2,20987
95.216.198,2,20989
54.190.73,2,20991
205.185.127,2,20993
07/31/88,2,20995
44.225.46,2,20997
159.69.124,2,20999
99.79.152,2,21001
95.216.212,2,21003
51.83.32,2,21005
35.183.138,2,21007
52.60.181,2,21009
54.89.4,2,21011
134.209.157,2,21013
35.182.179,2,21015
35.175.191,2,21017
52.60.235,2,21019
95.217.197,2,21021
51.75.163,2,21023
35.183.226,2,21025
164.68.98,2,21027
47.90.247,2,21029
159.69.30,2,21031
3.232.125,2,21033
35.182.161,2,21035
3.13.158,2,21037
34.250.103,2,21039
128.199.35,2,21041
52.60.198,2,21043
95.179.137,2,21045
35.182.84,2,21047
198.199.69,2,21049
34.240.4,2,21051
47.252.3,2,21053
13.52.234,2,21055
52.33.67,2,21057
99.79.103,2,21059
44.232.92,2,21061
106.12.123,2,21063
52.60.60,2,21065
52.60.134,2,21067
168.235.93,2,21069
159.69.205,2,21071
52.60.218,2,21073
95.217.187,2,21075
3.135.57,2,21077
15.223.7,2,21079
15.222.208,2,21081
82.165.113,2,21083
35.182.21,2,21085
207.246.106,2,21087
106.13.217,2,21089
155.138.224,2,21091
44.226.107,2,21093
35.183.217,2,21095
78.46.217,2,21097
44.224.67,2,21099
47.241.19,2,21101
194.135.88,2,21103
3.135.14,2,21105
18.223.248,2,21107
178.33.221,2,21109
106.13.195,2,21111
116.202.16,2,21113
209.141.60,2,21115
52.60.66,2,21117
52.60.140,2,21119
3.14.60,2,21121
209.141.42,2,21123
47.75.210,2,21125
99.79.154,2,21127
161.35.15,2,21129
173.249.16,2,21131
116.202.102,2,21133
116.203.207,2,21135
3.208.102,2,21137
193.187.175,2,21139
47.57.74,2,21141
116.202.101,2,21143
8.209.246,2,21145
106.12.131,2,21147
45.77.153,2,21149
205.185.126,2,21151
217.182.79,2,21153
95.217.10,2,21155
44.228.23,2,21157
44.225.250,2,21159
104.248.76,2,21161
47.90.214,2,21163
47.57.121,2,21165
44.227.81,2,21167
213.32.17,2,21169
44.225.175,2,21171
54.229.79,2,21173
35.183.12,2,21175
173.249.24,2,21177
134.209.229,2,21179
3.136.54,2,21181
167.71.201,2,21183
95.217.167,2,21185
52.208.188,2,21187
205.185.113,2,21189
87.106.153,2,21191
3.17.9,2,21193
149.248.53,2,21195
134.209.55,2,21197
35.182.68,2,21199
94.23.170,2,21201
47.74.40,2,21203
95.216.157,2,21205
52.60.104,2,21207
159.69.187,2,21209
66.175.238,2,21211
134.209.35,2,21213
47.241.58,2,21215
142.93.151,2,21217
44.232.108,2,21219
116.203.78,2,21221
44.228.45,2,21223
159.69.111,2,21225
207.246.91,2,21227
45.77.1,2,21229
3.132.21,2,21231
178.128.10,2,21233
08/03/15,2,21235
52.15.142,2,21237
149.202.61,2,21239
44.224.155,2,21241
140.82.37,2,21243
68.183.72,2,21245
159.65.210,2,21247
18.190.148,2,21249
44.227.10,2,21251
35.182.107,2,21253
116.203.154,2,21255
3.132.78,2,21257
74.208.88,2,21259
63.35.192,2,21261
157.230.139,2,21263
212.227.202,2,21265
45.32.152,2,21267
99.79.91,2,21269
3.232.73,2,21271
47.254.127,2,21273
15.222.80,2,21275
134.209.43,2,21277
116.203.185,2,21279
82.165.163,2,21281
159.69.53,2,21283
63.35.70,2,21285
168.235.85,2,21287
104.207.133,2,21289
15.223.21,2,21291
142.44.160,2,21293
207.180.235,2,21295
34.240.182,2,21297
51.75.106,2,21299
100.24.120,2,21301
47.89.185,2,21303
134.122.22,2,21305
99.79.110,2,21307
44.227.68,2,21309
52.60.216,2,21311
67.207.90,2,21313
209.141.62,2,21315
74.208.22,2,21317
165.22.69,2,21319
44.226.57,2,21321
63.35.179,2,21323
35.183.213,2,21325
18.203.167,2,21327
52.60.128,2,21329
116.203.37,2,21331
91.121.232,2,21333
44.228.249,2,21335
47.56.247,2,21337
100.24.116,2,21339
68.183.205,2,21341
165.227.4,2,21343
35.183.231,2,21345
3.19.77,2,21347
52.60.204,2,21349
45.40.250,2,21351
35.182.88,2,21353
51.75.252,2,21355
44.227.249,2,21357
52.48.45,2,21359
159.69.28,2,21361
93.177.67,2,21363
108.175.2,2,21365
144.91.123,2,21367
3.89.80,2,21369
35.183.230,2,21371
188.165.5,2,21373
155.138.148,2,21375
100.21.196,2,21377
52.49.34,2,21379
116.202.26,2,21381
159.69.80,2,21383
35.183.216,2,21385
167.172.146,2,21387
182.61.49,2,21389
18.191.243,2,21391
116.203.140,2,21393
52.60.157,2,21395
95.216.100,2,21397
34.252.35,2,21399
209.250.234,2,21401
3.21.121,2,21403
77.68.17,2,21405
3.96.5,2,21407
18.203.241,2,21409
49.12.75,2,21411
51.79.69,2,21413
78.47.64,2,21415
3.132.145,2,21417
35.182.99,2,21419
3.23.29,2,21421
47.90.243,2,21423
82.165.162,2,21425
35.183.187,2,21427
104.248.169,2,21429
35.182.85,2,21431
142.93.87,2,21433
78.47.218,2,21435
52.214.129,2,21437
52.60.77,2,21439
155.138.197,2,21441
209.141.53,2,21443
44.227.35,2,21445
52.60.111,2,21447
35.182.167,2,21449
35.183.58,2,21451
47.90.240,2,21453
116.203.28,2,21455
47.241.23,2,21457
82.165.21,2,21459
47.89.218,2,21461
212.227.11,2,21463
212.227.200,2,21465
54.184.160,2,21467
159.69.15,2,21469
15.222.222,2,21471
44.224.243,2,21473
165.22.220,2,21475
134.122.24,2,21477
44.226.111,2,21479
47.57.77,2,21481
99.79.118,2,21483
95.216.199,2,21485
15.222.0,2,21487
104.244.78,2,21489
35.182.43,2,21491
15.222.202,2,21493
45.32.75,2,21495
155.138.204,2,21497
51.68.3,2,21499
159.69.149,2,21501
212.227.193,2,21503
45.32.158,2,21505
47.241.69,2,21507
52.60.94,2,21509
35.182.36,2,21511
116.203.68,2,21513
217.182.8,2,21515
107.161.22,2,21517
52.60.76,2,21519
78.47.24,2,21521
52.60.62,2,21523
35.183.195,2,21525
54.76.185,2,21527
106.13.28,2,21529
149.28.114,2,21531
52.60.78,2,21533
82.165.100,2,21535
34.105.23,2,21537
159.69.195,2,21539
116.202.25,2,21541
35.183.172,2,21543
74.208.244,2,21545
88.198.105,2,21547
99.80.13,2,21549
167.86.120,2,21551
47.88.18,2,21553
44.225.170,2,21555
159.89.118,2,21557
18.203.73,2,21559
51.91.79,2,21561
159.69.108,2,21563
199.247.3,2,21565
35.153.143,2,21567
174.138.34,2,21569
44.226.167,2,21571
108.175.5,2,21573
88.198.118,2,21575
35.183.160,2,21577
47.57.112,2,21579
99.79.18,2,21581
52.60.46,2,21583
142.93.243,2,21585
44.232.119,2,21587
35.182.174,2,21589
47.254.123,2,21591
165.22.113,2,21593
100.20.20,2,21595
93.90.205,2,21597
44.228.189,2,21599
116.203.38,2,21601
3.132.157,2,21603
54.72.154,2,21605
15.222.81,2,21607
99.79.142,2,21609
116.203.19,2,21611
165.227.3,2,21613
99.79.43,2,21615
47.89.179,2,21617
217.160.57,2,21619
51.254.28,2,21621
205.185.114,2,21623
45.32.154,2,21625
52.60.138,2,21627
49.12.98,2,21629
44.227.25,2,21631
99.79.120,2,21633
54.77.126,2,21635
44.225.83,2,21637
95.179.243,2,21639
35.183.91,2,21641
95.217.239,2,21643
167.172.130,2,21645
116.203.26,2,21647
95.217.158,2,21649
206.189.190,2,21651
3.137.18,2,21653
116.203.122,2,21655
99.79.164,2,21657
44.227.189,2,21659
52.212.126,2,21661
51.38.114,2,21663
52.60.225,2,21665
47.89.182,2,21667
44.224.73,2,21669
107.150.7,2,21671
116.203.86,2,21673
35.182.200,2,21675
51.158.182,2,21677
15.223.94,2,21679
87.106.195,2,21681
95.216.190,2,21683
47.88.101,2,21685
81.4.111,2,21687
34.243.219,2,21689
35.182.81,2,21691
142.93.252,2,21693
66.42.119,2,21695
95.216.184,2,21697
106.12.107,2,21699
52.60.123,2,21701
34.255.130,2,21703
3.134.195,2,21705
136.243.214,2,21707
116.203.72,2,21709
13.59.153,2,21711
134.209.67,2,21713
52.60.212,2,21715
35.182.98,2,21717
159.203.38,2,21719
52.60.162,2,21721
35.183.227,2,21723
18.225.0,2,21725
99.79.176,2,21727
3.133.160,2,21729
3.89.79,2,21731
165.22.115,2,21733
52.60.179,2,21735
47.56.89,2,21737
18.236.2,2,21739
44.226.47,2,21741
157.245.247,2,21743
95.217.15,2,21745
52.19.116,2,21747
137.220.35,2,21749
45.32.138,2,21751
51.15.97,2,21753
45.63.51,2,21755
47.57.99,2,21757
99.79.47,2,21759
182.61.42,2,21761
35.182.48,2,21763
167.86.116,2,21765
35.182.67,2,21767
82.165.75,2,21769
107.161.24,2,21771
145.239.2,1,21772
34.105.26,1,21773
106.12.105,1,21774
3.16.96,1,21775
51.77.180,1,21776
52.60.158,1,21777
44.231.72,1,21778
3.132.177,1,21779
52.72.115,1,21780
54.206.77,1,21781
3.216.38,1,21782
62.151.180,1,21783
78.47.234,1,21784
216.189.157,1,21785
3.130.59,1,21786
149.28.120,1,21787
52.50.100,1,21788
45.77.220,1,21789
63.35.168,1,21790
52.72.84,1,21791
34.250.182,1,21792
149.28.253,1,21793
94.23.161,1,21794
3.22.245,1,21795
35.164.187,1,21796
3.134.29,1,21797
3.136.171,1,21798
52.52.252,1,21799
54.183.209,1,21800
178.32.121,1,21801
18.215.59,1,21802
159.89.38,1,21803
34.75.128,1,21804
18.222.70,1,21805
184.169.250,1,21806
157.230.130,1,21807
50.116.36,1,21808
52.14.123,1,21809
82.165.166,1,21810
52.60.33,1,21811
12/03/50,1,21812
34.75.124,1,21813
35.182.41,1,21814
18.206.177,1,21815
167.71.6,1,21816
35.182.176,1,21817
47.57.170,1,21818
18.207.182,1,21819
52.210.86,1,21820
3.216.152,1,21821
178.128.39,1,21822
52.209.162,1,21823
52.207.252,1,21824
140.82.7,1,21825
198.71.56,1,21826
54.69.18,1,21827
18.222.17,1,21828
44.224.138,1,21829
157.245.65,1,21830
165.22.8,1,21831
188.165.209,1,21832
35.183.168,1,21833
67.207.84,1,21834
34.69.106,1,21835
99.79.141,1,21836
35.171.147,1,21837
3.132.103,1,21838
34.203.147,1,21839
54.69.75,1,21840
44.232.143,1,21841
34.224.128,1,21842
155.138.229,1,21843
168.235.95,1,21844
108.128.35,1,21845
157.245.51,1,21846
3.22.159,1,21847
52.51.113,1,21848
52.200.208,1,21849
79.137.44,1,21850
54.85.247,1,21851
134.209.29,1,21852
34.239.170,1,21853
35.182.185,1,21854
95.217.4,1,21855
104.196.231,1,21856
47.254.72,1,21857
18.216.110,1,21858
47.254.42,1,21859
52.212.221,1,21860
157.245.46,1,21861
3.232.31,1,21862
35.227.86,1,21863
52.37.116,1,21864
3.21.143,1,21865
3.248.29,1,21866
3.15.251,1,21867
44.225.108,1,21868
52.211.100,1,21869
3.14.178,1,21870
94.130.109,1,21871
52.40.33,1,21872
78.47.204,1,21873
34.246.75,1,21874
3.220.182,1,21875
144.202.116,1,21876
52.30.229,1,21877
34.231.243,1,21878
18.236.85,1,21879
18.200.72,1,21880
34.245.51,1,21881
64.227.98,1,21882
78.47.46,1,21883
217.182.9,1,21884
44.224.143,1,21885
47.244.183,1,21886
54.77.244,1,21887
167.71.71,1,21888
13.56.122,1,21889
99.79.130,1,21890
45.77.7,1,21891
44.227.39,1,21892
44.228.221,1,21893
63.32.174,1,21894
44.224.141,1,21895
52.60.125,1,21896
52.207.173,1,21897
54.154.146,1,21898
116.203.94,1,21899
52.10.42,1,21900
18.190.146,1,21901
09/08/11,1,21902
51.68.52,1,21903
47.241.16,1,21904
34.246.1,1,21905
3.136.178,1,21906
188.165.168,1,21907
3.16.147,1,21908
206.189.196,1,21909
18.191.23,1,21910
54.183.82,1,21911
63.141.247,1,21912
204.48.19,1,21913
54.72.219,1,21914
3.122.113,1,21915
3.19.14,1,21916
15.222.136,1,21917
165.22.158,1,21918
13.124.214,1,21919
52.209.148,1,21920
35.182.206,1,21921
82.165.253,1,21922
3.132.122,1,21923
34.249.0,1,21924
104.248.74,1,21925
52.52.23,1,21926
184.169.193,1,21927
52.49.35,1,21928
167.179.91,1,21929
18.223.124,1,21930
159.69.51,1,21931
63.34.0,1,21932
35.171.82,1,21933
165.227.109,1,21934
5.135.178,1,21935
34.198.119,1,21936
161.35.52,1,21937
44.230.46,1,21938
54.185.54,1,21939
44.227.234,1,21940
193.37.212,1,21941
63.34.49,1,21942
34.247.22,1,21943
34.238.223,1,21944
100.20.137,1,21945
3.96.34,1,21946
54.167.9,1,21947
52.38.61,1,21948
52.43.97,1,21949
45.76.5,1,21950
119.3.28,1,21951
47.56.244,1,21952
52.18.141,1,21953
52.19.153,1,21954
167.99.145,1,21955
52.208.142,1,21956
52.13.1,1,21957
34.241.66,1,21958
35.231.59,1,21959
54.89.8,1,21960
51.38.115,1,21961
35.231.65,1,21962
18.203.184,1,21963
35.170.229,1,21964
100.21.235,1,21965
54.154.206,1,21966
44.230.35,1,21967
44.224.126,1,21968
161.35.118,1,21969
104.196.251,1,21970
149.28.162,1,21971
3.136.232,1,21972
34.249.47,1,21973
51.158.121,1,21974
194.147.34,1,21975
34.250.46,1,21976
3.21.153,1,21977
52.52.238,1,21978
137.220.34,1,21979
52.204.34,1,21980
18.221.8,1,21981
52.53.102,1,21982
52.48.61,1,21983
52.53.61,1,21984
52.35.89,1,21985
3.130.195,1,21986
18.221.99,1,21987
35.183.228,1,21988
35.182.28,1,21989
100.21.151,1,21990
18.233.237,1,21991
34.238.1,1,21992
52.208.133,1,21993
52.35.25,1,21994
44.227.102,1,21995
45.77.186,1,21996
52.191.171,1,21997
198.211.116,1,21998
18.200.148,1,21999
18.190.87,1,22000
178.62.217,1,22001
44.226.67,1,22002
52.52.165,1,22003
3.23.183,1,22004
3.137.61,1,22005
188.165.128,1,22006
3.15.69,1,22007
3.14.72,1,22008
99.80.72,1,22009
35.227.184,1,22010
54.77.72,1,22011
54.186.195,1,22012
54.171.87,1,22013
149.28.76,1,22014
52.25.162,1,22015
54.246.214,1,22016
47.241.77,1,22017
34.251.190,1,22018
18.200.176,1,22019
3.221.0,1,22020
51.15.127,1,22021
52.212.57,1,22022
52.9.80,1,22023
149.28.84,1,22024
54.229.246,1,22025
34.202.59,1,22026
18.223.164,1,22027
52.18.110,1,22028
51.15.199,1,22029
168.235.104,1,22030
52.60.56,1,22031
3.96.77,1,22032
44.233.189,1,22033
34.206.117,1,22034
3.233.168,1,22035
99.79.159,1,22036
34.215.74,1,22037
138.201.154,1,22038
5.135.237,1,22039
134.209.103,1,22040
3.122.41,1,22041
34.251.180,1,22042
95.216.72,1,22043
52.50.23,1,22044
34.251.240,1,22045
52.35.195,1,22046
3.13.125,1,22047
99.79.37,1,22048
217.182.250,1,22049
178.128.176,1,22050
45.63.89,1,22051
3.216.201,1,22052
18.221.171,1,22053
180.76.147,1,22054
108.61.89,1,22055
52.49.103,1,22056
34.212.253,1,22057
140.82.34,1,22058
66.42.109,1,22059
68.183.233,1,22060
54.36.122,1,22061
47.88.94,1,22062
47.253.5,1,22063
35.196.170,1,22064
54.72.187,1,22065
157.245.76,1,22066
129.211.38,1,22067
15.222.170,1,22068
54.188.57,1,22069
52.212.21,1,22070
206.189.230,1,22071
63.209.33,1,22072
3.13.198,1,22073
34.198.113,1,22074
35.164.173,1,22075
45.32.141,1,22076
137.116.72,1,22077
99.80.199,1,22078
167.71.83,1,22079
3.93.35,1,22080
104.198.143,1,22081
94.176.239,1,22082
52.54.20,1,22083
35.182.166,1,22084
3.232.0,1,22085
207.148.14,1,22086
34.205.53,1,22087
47.56.225,1,22088
182.61.23,1,22089
165.22.182,1,22090
18.220.30,1,22091
63.33.136,1,22092
94.130.183,1,22093
52.52.7,1,22094
18.208.203,1,22095
44.224.180,1,22096
49.12.100,1,22097
99.79.136,1,22098
34.235.150,1,22099
35.183.147,1,22100
70.35.207,1,22101
47.88.107,1,22102
35.231.207,1,22103
54.72.178,1,22104
54.70.18,1,22105
182.61.56,1,22106
34.240.113,1,22107
63.35.120,1,22108
91.121.58,1,22109
45.63.86,1,22110
34.82.38,1,22111
3.135.37,1,22112
44.231.241,1,22113
99.79.133,1,22114
18.221.67,1,22115
34.82.213,1,22116
63.33.236,1,22117
15.222.227,1,22118
35.183.188,1,22119
54.197.192,1,22120
108.61.198,1,22121
185.172.165,1,22122
44.225.155,1,22123
3.23.25,1,22124
108.61.217,1,22125
35.182.118,1,22126
3.20.217,1,22127
34.125.136,1,22128
78.47.87,1,22129
157.230.103,1,22130
116.202.111,1,22131
35.182.144,1,22132
52.17.192,1,22133
54.188.194,1,22134
44.227.226,1,22135
3.132.28,1,22136
52.60.58,1,22137
45.76.15,1,22138
45.33.113,1,22139
52.9.29,1,22140
188.165.1,1,22141
134.122.116,1,22142
44.226.195,1,22143
52.214.212,1,22144
34.218.130,1,22145
159.203.2,1,22146
34.254.70,1,22147
52.19.14,1,22148
52.212.249,1,22149
44.231.70,1,22150
18.200.154,1,22151
44.228.24,1,22152
35.183.153,1,22153
3.17.178,1,22154
3.212.244,1,22155
66.42.95,1,22156
35.182.237,1,22157
157.230.11,1,22158
54.194.8,1,22159
18.232.51,1,22160
18.213.188,1,22161
13.58.138,1,22162
138.68.55,1,22163
45.76.173,1,22164
34.244.240,1,22165
54.145.175,1,22166
182.61.47,1,22167
167.172.217,1,22168
18.216.136,1,22169
123.57.105,1,22170
34.245.110,1,22171
18.200.132,1,22172
35.183.74,1,22173
106.13.22,1,22174
35.162.8,1,22175
51.77.195,1,22176
54.191.13,1,22177
159.65.46,1,22178
51.68.226,1,22179
45.77.205,1,22180
13.59.198,1,22181
35.182.140,1,22182
46.101.174,1,22183
34.232.112,1,22184
52.210.132,1,22185
35.183.95,1,22186
34.241.23,1,22187
54.204.16,1,22188
100.21.197,1,22189
94.130.26,1,22190
44.231.210,1,22191
47.254.159,1,22192
3.124.217,1,22193
51.210.46,1,22194
52.214.23,1,22195
34.205.135,1,22196
52.31.165,1,22197
34.73.6,1,22198
35.182.134,1,22199
54.214.188,1,22200
18.217.69,1,22201
144.202.96,1,22202
3.235.104,1,22203
47.57.95,1,22204
3.90.204,1,22205
52.8.208,1,22206
3.20.189,1,22207
52.14.134,1,22208
159.89.48,1,22209
15.223.124,1,22210
64.227.97,1,22211
34.72.95,1,22212
199.247.19,1,22213
94.16.123,1,22214
70.35.202,1,22215
149.28.211,1,22216
63.34.204,1,22217
74.208.253,1,22218
108.128.183,1,22219
3.230.29,1,22220
35.165.12,1,22221
54.70.50,1,22222
78.46.93,1,22223
104.248.39,1,22224
137.74.41,1,22225
116.203.159,1,22226
35.193.179,1,22227
18.216.40,1,22228
54.218.219,1,22229
3.22.147,1,22230
167.71.136,1,22231
3.134.141,1,22232
15.222.178,1,22233
34.246.31,1,22234
51.15.36,1,22235
51.91.102,1,22236
144.202.102,1,22237
195.62.53,1,22238
3.135.38,1,22239
34.245.212,1,22240
144.202.25,1,22241
44.226.240,1,22242
3.234.8,1,22243
35.183.190,1,22244
185.159.129,1,22245
52.28.122,1,22246
3.21.58,1,22247
52.30.56,1,22248
52.49.180,1,22249
165.227.43,1,22250
54.67.33,1,22251
52.49.52,1,22252
3.22.162,1,22253
79.91.28,1,22254
104.237.152,1,22255
35.182.142,1,22256
44.227.30,1,22257
176.31.42,1,22258
3.235.226,1,22259
52.15.49,1,22260
54.244.188,1,22261
52.51.65,1,22262
35.174.224,1,22263
116.203.114,1,22264
87.98.246,1,22265
35.175.200,1,22266
52.26.172,1,22267
54.202.7,1,22268
52.60.246,1,22269
54.77.38,1,22270
54.159.173,1,22271
13.125.237,1,22272
94.23.77,1,22273
159.65.195,1,22274
15.223.25,1,22275
50.21.182,1,22276
78.47.203,1,22277
52.194.213,1,22278
66.42.113,1,22279
35.182.143,1,22280
167.71.183,1,22281
54.72.157,1,22282
35.222.240,1,22283
163.172.181,1,22284
18.219.165,1,22285
3.136.250,1,22286
34.247.50,1,22287
3.132.77,1,22288
151.80.232,1,22289
3.15.129,1,22290
47.254.153,1,22291
44.225.97,1,22292
44.227.79,1,22293
134.122.82,1,22294
52.18.132,1,22295
45.76.75,1,22296
35.182.56,1,22297
68.232.175,1,22298
52.31.219,1,22299
52.40.232,1,22300
155.138.207,1,22301
44.226.163,1,22302
45.77.111,1,22303
54.246.200,1,22304
3.120.72,1,22305
167.99.110,1,22306
3.135.126,1,22307
44.225.84,1,22308
34.214.129,1,22309
167.71.137,1,22310
35.182.44,1,22311
44.225.249,1,22312
95.216.214,1,22313
3.17.210,1,22314
35.224.229,1,22315
159.203.11,1,22316
34.248.32,1,22317
34.200.135,1,22318
47.75.70,1,22319
66.42.94,1,22320
18.188.230,1,22321
18.217.77,1,22322
140.82.24,1,22323
18.224.182,1,22324
3.89.15,1,22325
3.22.5,1,22326
47.101.41,1,22327
47.88.104,1,22328
23.226.229,1,22329
52.89.75,1,22330
34.248.127,1,22331
149.28.58,1,22332
49.12.1,1,22333
13.125.224,1,22334
13.58.115,1,22335
52.50.4,1,22336
116.203.121,1,22337
47.92.254,1,22338
54.152.153,1,22339
40.71.91,1,22340
178.170.41,1,22341
3.133.218,1,22342
44.224.218,1,22343
52.15.160,1,22344
8.209.82,1,22345
44.226.139,1,22346
106.14.135,1,22347
54.72.250,1,22348
44.224.66,1,22349
44.227.70,1,22350
182.61.133,1,22351
52.4.145,1,22352
52.12.122,1,22353
144.202.108,1,22354
54.185.214,1,22355
151.80.59,1,22356
47.89.247,1,22357
45.251.243,1,22358
51.254.48,1,22359
34.214.210,1,22360
159.203.60,1,22361
173.199.127,1,22362
44.225.90,1,22363
35.237.125,1,22364
104.248.53,1,22365
3.14.66,1,22366
54.188.77,1,22367
35.182.222,1,22368
194.135.89,1,22369
167.179.93,1,22370
52.17.53,1,22371
3.14.15,1,22372
45.33.198,1,22373
116.203.66,1,22374
44.227.254,1,22375
34.200.239,1,22376
3.88.108,1,22377
18.213.224,1,22378
52.37.156,1,22379
44.224.39,1,22380
52.23.60,1,22381
54.243.244,1,22382
34.250.219,1,22383
18.215.188,1,22384
52.210.140,1,22385
47.252.21,1,22386
52.17.38,1,22387
207.180.243,1,22388
18.223.117,1,22389
3.216.68,1,22390
95.216.189,1,22391
51.15.82,1,22392
51.15.254,1,22393
52.210.48,1,22394
157.245.186,1,22395
3.134.207,1,22396
18.205.3,1,22397
52.16.16,1,22398
18.207.77,1,22399
44.224.208,1,22400
157.245.66,1,22401
34.232.80,1,22402
3.15.147,1,22403
198.245.61,1,22404
3.248.123,1,22405
116.203.104,1,22406
159.65.44,1,22407
66.42.67,1,22408
34.83.63,1,22409
34.246.54,1,22410
195.201.149,1,22411
193.30.122,1,22412
44.227.163,1,22413
178.32.57,1,22414
84.22.103,1,22415
44.228.253,1,22416
66.42.45,1,22417
52.50.108,1,22418
45.77.90,1,22419
44.226.68,1,22420
54.171.126,1,22421
44.227.20,1,22422
52.14.226,1,22423
100.21.111,1,22424
54.245.40,1,22425
54.198.219,1,22426
45.76.167,1,22427
167.71.14,1,22428
52.15.153,1,22429
45.77.55,1,22430
35.183.90,1,22431
34.237.169,1,22432
54.214.169,1,22433
108.128.179,1,22434
51.68.198,1,22435
44.229.6,1,22436
3.23.119,1,22437
165.227.217,1,22438
94.130.75,1,22439
3.21.110,1,22440
51.15.110,1,22441
54.185.225,1,22442
54.184.12,1,22443
159.203.40,1,22444
52.33.232,1,22445
52.3.226,1,22446
116.203.135,1,22447
3.104.105,1,22448
15.222.187,1,22449
52.11.121,1,22450
52.10.12,1,22451
44.226.88,1,22452
173.249.31,1,22453
44.226.168,1,22454
207.148.114,1,22455
165.22.122,1,22456
157.245.243,1,22457
159.69.116,1,22458
54.76.4,1,22459
15.222.91,1,22460
52.49.30,1,22461
35.231.138,1,22462
3.232.150,1,22463
54.190.142,1,22464
34.83.116,1,22465
206.81.1,1,22466
52.36.74,1,22467
34.251.204,1,22468
82.165.61,1,22469
18.223.216,1,22470
18.202.143,1,22471
54.171.22,1,22472
35.155.158,1,22473
3.213.29,1,22474
34.246.42,1,22475
149.28.86,1,22476
94.23.86,1,22477
15.222.245,1,22478
146.148.74,1,22479
194.182.64,1,22480
95.216.216,1,22481
3.80.253,1,22482
18.190.94,1,22483
157.245.38,1,22484
68.183.125,1,22485
157.230.10,1,22486
3.133.242,1,22487
44.225.48,1,22488
3.216.199,1,22489
161.35.58,1,22490
68.183.114,1,22491
52.17.73,1,22492
207.246.73,1,22493
15.222.198,1,22494
35.224.92,1,22495
206.189.217,1,22496
116.203.119,1,22497
63.35.81,1,22498
34.255.183,1,22499
54.92.190,1,22500
3.84.181,1,22501
35.183.165,1,22502
167.86.80,1,22503
3.23.55,1,22504
44.225.50,1,22505
52.209.115,1,22506
3.23.44,1,22507
35.203.139,1,22508
99.79.104,1,22509
44.225.43,1,22510
54.225.17,1,22511
52.43.222,1,22512
178.32.41,1,22513
44.230.254,1,22514
34.231.31,1,22515
52.18.254,1,22516
207.246.100,1,22517
52.23.5,1,22518
198.251.65,1,22519
34.251.159,1,22520
173.255.214,1,22521
77.199.194,1,22522
51.77.147,1,22523
212.24.105,1,22524
18.208.126,1,22525
3.211.175,1,22526
100.21.156,1,22527
13.56.153,1,22528
44.226.74,1,22529
212.47.237,1,22530
78.47.232,1,22531
44.225.93,1,22532
18.209.187,1,22533
52.8.46,1,22534
95.179.143,1,22535
167.172.254,1,22536
52.23.19,1,22537
104.196.188,1,22538
54.202.46,1,22539
95.179.164,1,22540
3.21.155,1,22541
15.223.76,1,22542
18.207.194,1,22543
45.76.142,1,22544
144.202.30,1,22545
144.202.22,1,22546
54.145.78,1,22547
44.225.102,1,22548
159.65.252,1,22549
52.19.90,1,22550
82.165.64,1,22551
45.63.55,1,22552
52.208.226,1,22553
35.160.181,1,22554
49.12.109,1,22555
100.25.78,1,22556
3.135.26,1,22557
172.105.82,1,22558
18.210.47,1,22559
3.232.2,1,22560
08/03/88,1,22561
207.180.203,1,22562
104.238.131,1,22563
44.228.248,1,22564
157.245.231,1,22565
3.248.84,1,22566
3.132.169,1,22567
52.60.42,1,22568
52.60.103,1,22569
108.61.252,1,22570
70.26.254,1,22571
44.226.29,1,22572
178.62.195,1,22573
44.227.98,1,22574
44.225.214,1,22575
34.247.153,1,22576
54.197.210,1,22577
3.15.244,1,22578
3.82.6,1,22579
100.21.123,1,22580
159.65.164,1,22581
34.82.243,1,22582
207.180.241,1,22583
54.243.72,1,22584
34.71.100,1,22585
168.235.65,1,22586
52.14.97,1,22587
18.216.14,1,22588
78.47.247,1,22589
104.248.85,1,22590
3.14.33,1,22591
178.33.101,1,22592
52.49.90,1,22593
44.225.44,1,22594
44.228.201,1,22595
3.16.168,1,22596
50.3.82,1,22597
3.132.84,1,22598
63.34.126,1,22599
54.212.143,1,22600
165.227.212,1,22601
145.239.227,1,22602
35.183.162,1,22603
44.227.186,1,22604
152.89.106,1,22605
3.15.41,1,22606
80.240.31,1,22607
78.141.219,1,22608
3.211.236,1,22609
44.226.140,1,22610
167.172.222,1,22611
13.211.170,1,22612
63.33.124,1,22613
68.183.197,1,22614
44.230.252,1,22615
52.18.197,1,22616
44.232.220,1,22617
104.248.94,1,22618
52.213.97,1,22619
45.76.51,1,22620
63.33.104,1,22621
116.203.51,1,22622
144.202.5,1,22623
18.203.65,1,22624
52.210.139,1,22625
35.153.49,1,22626
99.79.137,1,22627
54.72.164,1,22628
64.225.123,1,22629
54.213.242,1,22630
47.75.215,1,22631
67.205.174,1,22632
54.183.226,1,22633
173.212.250,1,22634
103.29.69,1,22635
95.179.212,1,22636
34.204.204,1,22637
144.91.92,1,22638
15.222.94,1,22639
52.212.182,1,22640
144.202.77,1,22641
139.99.168,1,22642
106.13.26,1,22643
64.140.150,1,22644
106.12.163,1,22645
13.231.77,1,22646
34.243.32,1,22647
34.241.17,1,22648
35.230.93,1,22649
209.250.253,1,22650
34.244.37,1,22651
138.201.244,1,22652
52.27.241,1,22653
47.75.37,1,22654
52.30.51,1,22655
47.254.144,1,22656
167.99.237,1,22657
34.73.157,1,22658
78.46.203,1,22659
44.233.144,1,22660
34.228.92,1,22661
3.16.227,1,22662
54.68.56,1,22663
47.244.63,1,22664
34.255.232,1,22665
44.228.57,1,22666
100.21.90,1,22667
37.187.90,1,22668
3.228.141,1,22669
18.222.174,1,22670
3.226.218,1,22671
194.135.80,1,22672
13.125.205,1,22673
134.209.25,1,22674
35.238.134,1,22675
52.213.194,1,22676
3.18.45,1,22677
104.248.22,1,22678
64.227.29,1,22679
47.56.210,1,22680
35.182.24,1,22681
52.203.181,1,22682
155.138.219,1,22683
34.255.195,1,22684
35.163.245,1,22685
3.23.118,1,22686
45.32.134,1,22687
35.224.212,1,22688
47.244.169,1,22689
15.222.220,1,22690
3.22.227,1,22691
78.46.135,1,22692
104.197.45,1,22693
176.223.136,1,22694
54.224.235,1,22695
3.248.38,1,22696
68.183.106,1,22697
3.92.81,1,22698
96.30.193,1,22699
54.173.138,1,22700
3.136.46,1,22701
87.98.229,1,22702
51.83.57,1,22703
52.18.40,1,22704
54.185.21,1,22705
35.183.223,1,22706
83.166.150,1,22707
52.18.47,1,22708
208.167.245,1,22709
54.77.132,1,22710
18.188.58,1,22711
95.179.244,1,22712
34.203.104,1,22713
18.222.209,1,22714
144.202.69,1,22715
45.76.11,1,22716
108.20.130,1,22717
159.69.211,1,22718
34.216.5,1,22719
44.231.149,1,22720
44.225.67,1,22721
3.221.125,1,22722
44.226.50,1,22723
18.200.52,1,22724
18.223.152,1,22725
3.21.132,1,22726
47.89.229,1,22727
47.74.89,1,22728
34.239.5,1,22729
52.9.128,1,22730
51.38.189,1,22731
165.227.205,1,22732
3.232.91,1,22733
44.226.228,1,22734
118.24.245,1,22735
44.224.230,1,22736
3.136.225,1,22737
52.10.104,1,22738
3.14.148,1,22739
52.60.37,1,22740
142.93.153,1,22741
15.222.93,1,22742
54.152.167,1,22743
47.251.10,1,22744
167.172.100,1,22745
52.8.72,1,22746
34.242.85,1,22747
99.81.85,1,22748
44.225.209,1,22749
52.89.123,1,22750
167.172.138,1,22751
151.80.4,1,22752
100.21.241,1,22753
3.134.191,1,22754
44.226.141,1,22755
99.79.17,1,22756
165.227.173,1,22757
52.60.161,1,22758
35.199.171,1,22759
15.223.137,1,22760
52.60.155,1,22761
165.22.82,1,22762
18.191.116,1,22763
35.170.65,1,22764
167.99.170,1,22765
35.155.94,1,22766
103.219.22,1,22767
54.189.164,1,22768
50.21.186,1,22769
95.216.170,1,22770
44.228.173,1,22771
195.201.91,1,22772
3.89.4,1,22773
116.203.35,1,22774
52.213.60,1,22775
104.248.141,1,22776
34.231.255,1,22777
13.56.224,1,22778
198.251.64,1,22779
95.217.180,1,22780
68.183.41,1,22781
34.222.108,1,22782
199.247.15,1,22783
18.202.115,1,22784
167.99.127,1,22785
149.28.73,1,22786
192.81.129,1,22787
45.76.16,1,22788
3.17.7,1,22789
3.21.2,1,22790
40.91.104,1,22791
44.228.30,1,22792
174.138.37,1,22793
34.105.73,1,22794
52.16.48,1,22795
95.217.21,1,22796
35.227.141,1,22797
54.156.253,1,22798
52.8.69,1,22799
54.176.161,1,22800
52.31.91,1,22801
52.60.102,1,22802
18.221.45,1,22803
192.81.214,1,22804
52.9.96,1,22805
52.9.244,1,22806
52.212.235,1,22807
3.22.161,1,22808
18.189.162,1,22809
134.122.26,1,22810
52.184.194,1,22811
34.223.198,1,22812
18.223.24,1,22813
18.214.40,1,22814
138.197.8,1,22815
54.76.29,1,22816
35.161.134,1,22817
104.248.47,1,22818
15.223.19,1,22819
3.95.114,1,22820
3.134.183,1,22821
3.21.251,1,22822
52.19.232,1,22823
167.172.136,1,22824
15.222.102,1,22825
3.94.74,1,22826
3.17.209,1,22827
3.209.141,1,22828
54.194.65,1,22829
35.239.112,1,22830
3.87.252,1,22831
106.13.27,1,22832
176.122.146,1,22833
157.230.53,1,22834
35.183.77,1,22835
176.223.140,1,22836
52.208.183,1,22837
52.8.149,1,22838
44.225.62,1,22839
52.210.89,1,22840
52.16.169,1,22841
99.79.21,1,22842
94.130.108,1,22843
107.178.218,1,22844
54.227.232,1,22845
139.99.90,1,22846
3.17.45,1,22847
208.68.37,1,22848
35.183.171,1,22849
108.128.49,1,22850
52.53.96,1,22851
52.60.177,1,22852
52.87.15,1,22853
34.250.122,1,22854
34.210.39,1,22855
3.19.106,1,22856
52.23.88,1,22857
44.227.45,1,22858
54.212.137,1,22859
78.47.38,1,22860
34.206.72,1,22861
35.243.182,1,22862
149.28.39,1,22863
15.222.143,1,22864
8.209.247,1,22865
34.238.130,1,22866
167.99.108,1,22867
3.228.76,1,22868
149.28.234,1,22869
52.33.181,1,22870
18.224.29,1,22871
3.209.81,1,22872
207.180.199,1,22873
34.254.116,1,22874
3.235.135,1,22875
34.196.77,1,22876
78.47.148,1,22877
3.208.149,1,22878
54.229.93,1,22879
107.22.135,1,22880
149.28.249,1,22881
34.255.28,1,22882
52.204.224,1,22883
116.203.133,1,22884
54.229.71,1,22885
35.161.226,1,22886
78.47.153,1,22887
54.36.45,1,22888
116.203.33,1,22889
63.33.179,1,22890
206.189.234,1,22891
44.224.147,1,22892
35.182.223,1,22893
54.69.209,1,22894
45.32.156,1,22895
35.174.16,1,22896
44.226.143,1,22897
157.245.116,1,22898
82.165.68,1,22899
54.188.246,1,22900
159.69.110,1,22901
34.255.69,1,22902
159.89.125,1,22903
167.71.142,1,22904
88.198.235,1,22905
44.224.101,1,22906
207.180.218,1,22907
178.128.156,1,22908
51.15.194,1,22909
138.201.117,1,22910
49.51.153,1,22911
35.243.219,1,22912
18.203.129,1,22913
44.229.8,1,22914
35.237.17,1,22915
178.128.235,1,22916
35.224.236,1,22917
100.21.108,1,22918
188.165.164,1,22919
139.180.215,1,22920
116.203.184,1,22921
104.248.237,1,22922
8.209.249,1,22923
88.99.227,1,22924
95.216.185,1,22925
34.247.48,1,22926
99.79.165,1,22927
100.21.114,1,22928
3.22.150,1,22929
44.224.53,1,22930
34.226.103,1,22931
82.165.122,1,22932
3.14.162,1,22933
18.208.50,1,22934
108.128.59,1,22935
13.57.53,1,22936
100.24.129,1,22937
144.202.10,1,22938
47.241.5,1,22939
104.196.11,1,22940
52.200.92,1,22941
176.223.135,1,22942
218.78.79,1,22943
54.229.45,1,22944
47.89.234,1,22945
54.214.246,1,22946
167.99.236,1,22947
44.226.4,1,22948
18.219.184,1,22949
3.132.149,1,22950
149.28.64,1,22951
159.89.42,1,22952
78.47.55,1,22953
52.67.47,1,22954
51.158.118,1,22955
188.166.9,1,22956
45.77.96,1,22957
52.13.33,1,22958
34.73.45,1,22959
52.211.15,1,22960
159.69.37,1,22961
35.182.69,1,22962
35.155.71,1,22963
35.183.186,1,22964
138.197.152,1,22965
52.213.218,1,22966
35.237.110,1,22967
144.202.103,1,22968
51.68.197,1,22969
34.246.116,1,22970
45.77.145,1,22971
52.50.89,1,22972
52.209.210,1,22973
51.255.138,1,22974
18.234.97,1,22975
3.223.49,1,22976
44.226.102,1,22977
46.105.63,1,22978
45.63.111,1,22979
54.218.150,1,22980
165.227.57,1,22981
15.222.97,1,22982
18.220.47,1,22983
140.82.27,1,22984
13.231.43,1,22985
34.125.210,1,22986
3.88.104,1,22987
34.251.34,1,22988
34.205.131,1,22989
106.12.129,1,22990
13.58.173,1,22991
54.229.150,1,22992
142.93.98,1,22993
116.203.232,1,22994
35.182.149,1,22995
167.71.81,1,22996
13.52.222,1,22997
45.77.177,1,22998
99.81.170,1,22999
3.232.45,1,23000
52.3.22,1,23001
36.111.35,1,23002
54.160.62,1,23003
46.29.165,1,23004
45.76.90,1,23005
159.203.120,1,23006
167.86.88,1,23007
52.60.184,1,23008
44.224.112,1,23009
3.96.23,1,23010
52.3.7,1,23011
157.245.95,1,23012
155.94.143,1,23013
35.160.132,1,23014
34.254.122,1,23015
3.232.25,1,23016
3.132.152,1,23017
34.254.164,1,23018
178.128.74,1,23019
164.132.191,1,23020
82.64.86,1,23021
47.244.13,1,23022
18.217.60,1,23023
18.205.239,1,23024
68.183.22,1,23025
52.212.42,1,23026
3.0.84,1,23027
3.136.247,1,23028
116.203.56,1,23029
108.129.10,1,23030
159.69.34,1,23031
52.209.213,1,23032
18.190.49,1,23033
178.128.151,1,23034
34.105.29,1,23035
34.241.232,1,23036
74.208.131,1,23037
3.22.230,1,23038
34.240.176,1,23039
34.247.58,1,23040
63.35.37,1,23041
52.60.85,1,23042
128.199.162,1,23043
51.195.45,1,23044
34.105.7,1,23045
82.165.98,1,23046
52.213.28,1,23047
95.179.149,1,23048
52.34.75,1,23049
157.245.114,1,23050
18.222.25,1,23051
34.75.237,1,23052
165.22.159,1,23053
47.56.70,1,23054
99.81.1,1,23055
52.19.144,1,23056
165.22.70,1,23057
18.221.147,1,23058
54.246.189,1,23059
18.222.206,1,23060
178.128.187,1,23061
99.81.252,1,23062
44.227.216,1,23063
45.63.115,1,23064
13.56.94,1,23065
54.70.80,1,23066
34.248.107,1,23067
45.12.32,1,23068
207.246.95,1,23069
45.32.64,1,23070
34.250.14,1,23071
35.153.187,1,23072
52.41.221,1,23073
34.205.134,1,23074
144.202.92,1,23075
54.203.160,1,23076
54.91.127,1,23077
34.201.14,1,23078
47.91.23,1,23079
18.216.213,1,23080
3.23.60,1,23081
3.224.4,1,23082
47.57.84,1,23083
35.183.224,1,23084
88.99.126,1,23085
52.210.162,1,23086
52.49.55,1,23087
34.246.224,1,23088
54.193.41,1,23089
67.205.139,1,23090
52.211.156,1,23091
35.173.240,1,23092
3.135.121,1,23093
52.16.123,1,23094
34.205.43,1,23095
3.133.143,1,23096
35.182.207,1,23097
157.245.81,1,23098
52.38.168,1,23099
35.188.152,1,23100
44.226.183,1,23101
188.165.25,1,23102
47.57.89,1,23103
108.61.189,1,23104
15.222.107,1,23105
74.208.23,1,23106
13.251.114,1,23107
54.158.116,1,23108
34.105.121,1,23109
34.244.169,1,23110
44.227.28,1,23111
159.69.117,1,23112
107.21.41,1,23113
49.12.6,1,23114
52.14.214,1,23115
35.193.247,1,23116
63.33.170,1,23117
47.89.228,1,23118
18.222.33,1,23119
47.254.77,1,23120
45.76.67,1,23121
34.223.173,1,23122
54.203.110,1,23123
47.244.18,1,23124
52.210.179,1,23125
44.224.151,1,23126
52.86.145,1,23127
44.225.37,1,23128
47.244.141,1,23129
5.135.156,1,23130
54.184.187,1,23131
34.212.141,1,23132
35.168.36,1,23133
104.254.244,1,23134
100.25.66,1,23135
54.235.168,1,23136
78.47.110,1,23137
145.239.83,1,23138
78.47.156,1,23139
54.188.61,1,23140
3.248.35,1,23141
52.34.216,1,23142
45.76.30,1,23143
52.60.49,1,23144
167.179.92,1,23145
78.46.198,1,23146
8.209.104,1,23147
151.80.126,1,23148
178.128.112,1,23149
116.203.99,1,23150
134.209.47,1,23151
155.138.136,1,23152
34.209.67,1,23153
23.234.215,1,23154
130.211.196,1,23155
54.188.162,1,23156
159.69.6,1,23157
161.35.107,1,23158
3.211.208,1,23159
47.244.37,1,23160
185.233.107,1,23161
185.13.39,1,23162
34.252.162,1,23163
18.223.168,1,23164
108.129.55,1,23165
34.251.55,1,23166
44.225.167,1,23167
95.217.210,1,23168
54.190.226,1,23169
64.225.65,1,23170
5.101.151,1,23171
52.50.233,1,23172
106.12.162,1,23173
204.48.23,1,23174
47.244.196,1,23175
167.99.136,1,23176
164.68.111,1,23177
52.19.135,1,23178
34.253.73,1,23179
45.79.38,1,23180
159.65.96,1,23181
54.76.164,1,23182
18.220.94,1,23183
18.205.234,1,23184
52.50.174,1,23185
18.222.234,1,23186
3.22.104,1,23187
54.171.119,1,23188
35.192.175,1,23189
44.225.192,1,23190
3.81.191,1,23191
34.72.29,1,23192
18.203.16,1,23193
149.202.152,1,23194
44.227.118,1,23195
52.19.76,1,23196
159.203.14,1,23197
13.52.203,1,23198
52.215.63,1,23199
68.183.24,1,23200
13.52.26,1,23201
93.188.163,1,23202
52.13.200,1,23203
209.141.34,1,23204
35.183.41,1,23205
52.215.219,1,23206
167.86.127,1,23207
44.227.46,1,23208
51.89.138,1,23209
18.203.166,1,23210
167.71.48,1,23211
52.18.186,1,23212
192.241.154,1,23213
18.202.141,1,23214
54.184.136,1,23215
3.134.189,1,23216
99.79.97,1,23217
44.225.185,1,23218
52.209.60,1,23219
52.60.47,1,23220
52.211.88,1,23221
37.120.166,1,23222
3.208.90,1,23223
44.229.65,1,23224
35.162.95,1,23225
3.19.194,1,23226
3.230.241,1,23227
44.226.193,1,23228
54.242.54,1,23229
52.13.21,1,23230
100.27.40,1,23231
3.91.14,1,23232
54.189.145,1,23233
18.202.117,1,23234
44.228.9,1,23235
54.189.6,1,23236
15.222.134,1,23237
18.191.12,1,23238
88.99.36,1,23239
54.246.215,1,23240
51.195.46,1,23241
34.255.58,1,23242
18.200.90,1,23243
217.182.18,1,23244
3.137.40,1,23245
34.76.202,1,23246
194.135.91,1,23247
50.17.100,1,23248
104.248.93,1,23249
178.32.139,1,23250
44.227.183,1,23251
67.207.89,1,23252
101.200.74,1,23253
139.59.39,1,23254
167.71.233,1,23255
54.76.11,1,23256
3.213.11,1,23257
34.208.240,1,23258
54.66.220,1,23259
44.232.205,1,23260
47.91.249,1,23261
34.215.207,1,23262
52.60.207,1,23263
63.34.43,1,23264
155.138.193,1,23265
51.254.105,1,23266
35.183.157,1,23267
185.13.148,1,23268
188.165.49,1,23269
104.248.236,1,23270
18.204.24,1,23271
3.208.143,1,23272
34.199.74,1,23273
34.197.117,1,23274
44.227.85,1,23275
34.253.147,1,23276
78.47.251,1,23277
44.226.125,1,23278
54.210.43,1,23279
44.224.154,1,23280
144.202.115,1,23281
165.22.85,1,23282
147.135.201,1,23283
54.67.106,1,23284
34.255.40,1,23285
52.30.81,1,23286
54.148.111,1,23287
51.178.40,1,23288
44.224.167,1,23289
194.87.232,1,23290
13.58.5,1,23291
168.235.71,1,23292
35.182.82,1,23293
45.79.96,1,23294
35.222.110,1,23295
3.80.10,1,23296
207.148.4,1,23297
52.60.120,1,23298
52.210.159,1,23299
18.202.96,1,23300
119.23.254,1,23301
15.223.111,1,23302
47.57.85,1,23303
34.243.113,1,23304
34.200.244,1,23305
52.1.118,1,23306
54.218.179,1,23307
35.182.33,1,23308
3.91.174,1,23309
34.249.8,1,23310
18.204.192,1,23311
3.130.1,1,23312
45.77.138,1,23313
49.12.40,1,23314
139.99.61,1,23315
54.68.226,1,23316
44.224.135,1,23317
35.163.190,1,23318
95.216.68,1,23319
44.226.43,1,23320
142.93.61,1,23321
52.39.118,1,23322
52.19.82,1,23323
54.190.64,1,23324
52.38.94,1,23325
13.59.152,1,23326
18.191.209,1,23327
35.161.231,1,23328
34.228.93,1,23329
35.197.117,1,23330
167.71.243,1,23331
95.217.61,1,23332
50.21.179,1,23333
159.69.107,1,23334
104.248.55,1,23335
52.209.201,1,23336
35.182.230,1,23337
63.33.181,1,23338
149.28.215,1,23339
52.60.215,1,23340
95.216.12,1,23341
78.47.82,1,23342
35.182.171,1,23343
18.236.69,1,23344
45.77.116,1,23345
44.232.193,1,23346
3.132.57,1,23347
167.179.77,1,23348
95.179.221,1,23349
54.185.239,1,23350
3.21.14,1,23351
18.225.11,1,23352
3.248.106,1,23353
13.59.196,1,23354
54.185.33,1,23355
49.12.103,1,23356
54.72.71,1,23357
52.41.103,1,23358
81.95.13,1,23359
96.30.196,1,23360
35.176.127,1,23361
52.15.44,1,23362
95.217.181,1,23363
51.77.27,1,23364
54.177.184,1,23365
34.199.236,1,23366
34.251.185,1,23367
3.14.139,1,23368
18.219.251,1,23369
18.223.172,1,23370
34.201.9,1,23371
18.201.5,1,23372
15.223.16,1,23373
100.21.252,1,23374
3.18.186,1,23375
34.251.244,1,23376
52.19.233,1,23377
157.230.5,1,23378
52.60.167,1,23379
3.130.166,1,23380
8.209.252,1,23381
52.17.233,1,23382
44.228.6,1,23383
3.132.188,1,23384
44.226.18,1,23385
99.79.95,1,23386
95.216.137,1,23387
52.60.228,1,23388
35.182.62,1,23389
52.8.184,1,23390
44.226.86,1,23391
100.27.34,1,23392
35.162.71,1,23393
52.48.117,1,23394
13.57.162,1,23395
13.59.88,1,23396
54.76.208,1,23397
52.60.32,1,23398
18.223.11,1,23399
106.12.26,1,23400
99.80.129,1,23401
3.134.143,1,23402
18.207.107,1,23403
34.215.177,1,23404
34.248.28,1,23405
3.211.58,1,23406
34.252.203,1,23407
44.226.25,1,23408
34.249.88,1,23409
108.128.209,1,23410
52.71.201,1,23411
52.18.24,1,23412
3.136.169,1,23413
116.203.205,1,23414
54.86.52,1,23415
52.14.185,1,23416
140.82.18,1,23417
159.69.45,1,23418
34.249.145,1,23419
54.71.23,1,23420
18.215.60,1,23421
173.249.26,1,23422
15.222.226,1,23423
47.254.133,1,23424
45.77.155,1,23425
99.79.101,1,23426
52.30.122,1,23427
35.182.16,1,23428
52.210.167,1,23429
54.174.202,1,23430
18.223.0,1,23431
45.63.116,1,23432
134.209.247,1,23433
34.239.251,1,23434
34.243.144,1,23435
44.228.81,1,23436
3.227.228,1,23437
34.249.171,1,23438
18.203.147,1,23439
168.235.76,1,23440
99.79.111,1,23441
3.231.233,1,23442
108.128.152,1,23443
35.170.162,1,23444
18.217.211,1,23445
104.248.50,1,23446
95.179.251,1,23447
52.41.142,1,23448
63.35.62,1,23449
44.226.3,1,23450
3.220.53,1,23451
52.30.167,1,23452
47.74.56,1,23453
34.246.244,1,23454
54.77.161,1,23455
155.138.212,1,23456
44.227.199,1,23457
44.224.130,1,23458
144.202.71,1,23459
52.52.126,1,23460
18.200.115,1,23461
51.38.28,1,23462
95.217.35,1,23463
167.71.247,1,23464
134.209.174,1,23465
54.212.208,1,23466
116.203.243,1,23467
70.35.201,1,23468
34.255.240,1,23469
47.52.205,1,23470
52.18.64,1,23471
52.14.230,1,23472
78.47.201,1,23473
51.68.214,1,23474
35.166.192,1,23475
34.239.164,1,23476
3.220.117,1,23477
68.183.116,1,23478
18.219.7,1,23479
44.226.252,1,23480
104.248.230,1,23481
52.52.124,1,23482
100.20.150,1,23483
18.236.164,1,23484
173.82.238,1,23485
3.208.55,1,23486
54.36.98,1,23487
54.224.134,1,23488
206.189.62,1,23489
54.190.114,1,23490
185.177.93,1,23491
34.218.61,1,23492
34.239.160,1,23493
144.202.67,1,23494
34.253.98,1,23495
44.225.100,1,23496
34.245.246,1,23497
34.252.154,1,23498
52.21.138,1,23499
3.231.235,1,23500
52.37.202,1,23501
13.56.137,1,23502
94.130.175,1,23503
52.208.148,1,23504
34.236.36,1,23505
217.182.64,1,23506
94.191.110,1,23507
52.60.221,1,23508
54.144.216,1,23509
45.77.100,1,23510
52.26.100,1,23511
180.76.179,1,23512
3.23.163,1,23513
199.247.9,1,23514
54.157.215,1,23515
180.76.100,1,23516
52.18.172,1,23517
51.91.109,1,23518
34.205.50,1,23519
3.210.205,1,23520
47.57.147,1,23521
104.196.19,1,23522
54.187.156,1,23523
34.201.12,1,23524
3.231.7,1,23525
34.240.189,1,23526
185.170.115,1,23527
78.47.109,1,23528
104.248.246,1,23529
35.155.82,1,23530
52.52.103,1,23531
107.191.103,1,23532
47.57.65,1,23533
18.211.95,1,23534
35.160.254,1,23535
66.42.64,1,23536
149.28.94,1,23537
18.190.92,1,23538
34.210.227,1,23539
3.232.19,1,23540
52.18.249,1,23541
206.189.73,1,23542
216.250.114,1,23543
159.89.231,1,23544
44.227.240,1,23545
35.178.231,1,23546
99.81.87,1,23547
88.99.189,1,23548
44.231.163,1,23549
44.226.129,1,23550
3.218.251,1,23551
35.165.0,1,23552
52.213.120,1,23553
104.198.76,1,23554
3.18.240,1,23555
47.252.86,1,23556
100.20.106,1,23557
52.60.242,1,23558
51.89.150,1,23559
47.57.172,1,23560
3.213.215,1,23561
173.255.223,1,23562
159.69.113,1,23563
3.23.180,1,23564
52.208.105,1,23565
185.162.250,1,23566
35.162.190,1,23567
104.196.5,1,23568
159.69.1,1,23569
134.209.249,1,23570
54.183.18,1,23571
198.71.60,1,23572
18.219.136,1,23573
34.232.250,1,23574
54.85.21,1,23575
182.61.29,1,23576
10/03/85,1,23577
18.200.145,1,23578
44.226.245,1,23579
44.226.108,1,23580
18.210.44,1,23581
44.229.7,1,23582
44.224.71,1,23583
44.226.196,1,23584
54.77.53,1,23585
193.164.132,1,23586
116.203.98,1,23587
104.248.120,1,23588
63.34.32,1,23589
44.224.94,1,23590
35.163.14,1,23591
3.233.64,1,23592
106.13.24,1,23593
52.49.174,1,23594
164.68.99,1,23595
44.226.174,1,23596
63.34.241,1,23597
15.222.230,1,23598
165.22.19,1,23599
52.201.44,1,23600
95.217.153,1,23601
34.245.122,1,23602
18.219.37,1,23603
159.69.114,1,23604
51.195.47,1,23605
15.165.65,1,23606
44.225.204,1,23607
35.155.225,1,23608
99.80.36,1,23609
87.98.185,1,23610
34.255.134,1,23611
45.76.247,1,23612
159.65.53,1,23613
54.152.138,1,23614
35.184.84,1,23615
34.233.235,1,23616
165.22.62,1,23617
167.86.89,1,23618
35.182.133,1,23619
18.207.224,1,23620
18.221.20,1,23621
172.105.25,1,23622
206.189.195,1,23623
44.233.204,1,23624
34.255.49,1,23625
18.213.144,1,23626
51.15.237,1,23627
159.69.22,1,23628
44.225.22,1,23629
52.18.248,1,23630
3.132.48,1,23631
198.199.81,1,23632
212.24.108,1,23633
165.22.223,1,23634
54.82.222,1,23635
54.90.93,1,23636
35.243.238,1,23637
52.89.20,1,23638
45.77.86,1,23639
52.212.205,1,23640
34.200.217,1,23641
54.149.53,1,23642
54.177.135,1,23643
165.227.81,1,23644
99.79.80,1,23645
99.79.170,1,23646
54.184.118,1,23647
157.245.41,1,23648
18.215.189,1,23649
3.16.26,1,23650
99.80.228,1,23651
18.232.59,1,23652
3.229.114,1,23653
45.63.87,1,23654
47.52.107,1,23655
3.132.160,1,23656
116.203.199,1,23657
18.203.57,1,23658
18.218.133,1,23659
206.189.197,1,23660
35.227.134,1,23661
18.191.146,1,23662
52.214.184,1,23663
106.12.137,1,23664
54.71.31,1,23665
35.175.106,1,23666
18.234.72,1,23667
35.183.84,1,23668
116.203.111,1,23669
35.182.25,1,23670
18.222.248,1,23671
50.112.187,1,23672
51.15.68,1,23673
54.209.36,1,23674
15.222.114,1,23675
44.227.51,1,23676
51.255.163,1,23677
52.22.13,1,23678
52.215.208,1,23679
13.58.56,1,23680
34.247.36,1,23681
18.211.182,1,23682
3.234.1,1,23683
52.0.190,1,23684
3.235.155,1,23685
34.202.138,1,23686
44.226.40,1,23687
35.228.156,1,23688
100.21.221,1,23689
44.234.71,1,23690
44.227.104,1,23691
95.217.162,1,23692
3.80.168,1,23693
34.244.136,1,23694
51.38.186,1,23695
13.211.234,1,23696
52.208.175,1,23697
68.183.99,1,23698
18.223.135,1,23699
107.191.119,1,23700
3.130.181,1,23701
34.254.195,1,23702
54.185.164,1,23703
18.225.36,1,23704
45.77.25,1,23705
52.40.144,1,23706
54.77.106,1,23707
207.154.224,1,23708
155.138.210,1,23709
149.28.207,1,23710
3.17.70,1,23711
34.73.125,1,23712
116.203.95,1,23713
47.88.88,1,23714
149.28.48,1,23715
206.189.43,1,23716
3.122.106,1,23717
34.247.94,1,23718
45.32.207,1,23719
18.222.150,1,23720
142.93.67,1,23721
34.67.122,1,23722
18.224.211,1,23723
35.155.37,1,23724
45.76.44,1,23725
47.74.11,1,23726
52.12.15,1,23727
159.65.1,1,23728
70.35.203,1,23729
08/03/22,1,23730
18.203.199,1,23731
167.99.8,1,23732
52.31.242,1,23733
47.244.30,1,23734
173.213.70,1,23735
78.46.201,1,23736
47.91.31,1,23737
47.244.155,1,23738
47.56.114,1,23739
54.68.153,1,23740
185.22.152,1,23741
34.223.35,1,23742
52.50.122,1,23743
34.200.2,1,23744
3.235.178,1,23745
52.24.158,1,23746
3.21.215,1,23747
34.240.150,1,23748
52.11.49,1,23749
34.252.134,1,23750
188.166.138,1,23751
99.79.140,1,23752
3.17.168,1,23753
47.89.194,1,23754
209.141.47,1,23755
18.219.59,1,23756
100.21.64,1,23757
44.226.101,1,23758
3.134.214,1,23759
47.241.59,1,23760
140.82.28,1,23761
34.222.234,1,23762
106.12.16,1,23763
165.227.10,1,23764
78.141.217,1,23765
46.29.164,1,23766
49.12.106,1,23767
50.18.210,1,23768
52.45.80,1,23769
100.21.180,1,23770
3.135.80,1,23771
54.84.73,1,23772
54.193.39,1,23773
34.240.1,1,23774
3.133.240,1,23775
44.231.51,1,23776
18.188.199,1,23777
34.83.40,1,23778
3.17.247,1,23779
206.189.224,1,23780
52.207.78,1,23781
165.227.90,1,23782
46.101.206,1,23783
34.253.252,1,23784
52.21.81,1,23785
3.248.156,1,23786
3.217.91,1,23787
54.37.245,1,23788
35.182.77,1,23789
35.160.26,1,23790
34.106.0,1,23791
147.135.239,1,23792
52.49.152,1,23793
45.77.137,1,23794
54.148.239,1,23795
54.173.167,1,23796
51.38.192,1,23797
54.177.191,1,23798
119.3.57,1,23799
47.244.14,1,23800
3.21.99,1,23801
82.165.73,1,23802
167.179.72,1,23803
3.17.23,1,23804
207.246.89,1,23805
52.214.165,1,23806
52.9.254,1,23807
106.12.161,1,23808
217.160.14,1,23809
52.49.241,1,23810
34.248.15,1,23811
18.188.76,1,23812
149.28.51,1,23813
54.194.1,1,23814
13.59.66,1,23815
3.134.22,1,23816
3.210.181,1,23817
3.130.44,1,23818
47.254.75,1,23819
54.154.93,1,23820
18.225.1,1,23821
3.231.200,1,23822
52.60.238,1,23823
95.179.183,1,23824
167.86.84,1,23825
52.35.243,1,23826
35.182.244,1,23827
18.191.38,1,23828
199.247.20,1,23829
34.105.112,1,23830
100.24.98,1,23831
35.177.208,1,23832
178.32.86,1,23833
199.247.17,1,23834
45.76.91,1,23835
207.246.87,1,23836
44.224.191,1,23837
100.24.106,1,23838
207.246.127,1,23839
99.79.98,1,23840
182.61.27,1,23841
44.225.31,1,23842
116.203.87,1,23843
107.20.35,1,23844
3.81.99,1,23845
44.229.155,1,23846
99.80.195,1,23847
34.243.226,1,23848
45.32.140,1,23849
44.225.119,1,23850
45.32.91,1,23851
35.175.118,1,23852
95.179.242,1,23853
45.76.228,1,23854
3.14.186,1,23855
63.34.70,1,23856
104.244.74,1,23857
155.138.211,1,23858
167.99.101,1,23859
3.135.30,1,23860
209.141.36,1,23861
52.9.206,1,23862
54.72.82,1,23863
99.80.146,1,23864
35.182.53,1,23865
134.209.186,1,23866
51.15.241,1,23867
18.224.93,1,23868
94.176.235,1,23869
44.231.167,1,23870
157.230.8,1,23871
157.245.241,1,23872
54.187.171,1,23873
54.194.193,1,23874
100.25.224,1,23875
34.125.9,1,23876
167.99.239,1,23877
5.196.179,1,23878
45.76.164,1,23879
34.206.20,1,23880
64.227.14,1,23881
15.223.135,1,23882
63.35.91,1,23883
149.28.237,1,23884
18.222.217,1,23885
35.182.183,1,23886
45.79.56,1,23887
88.198.184,1,23888
54.70.90,1,23889
44.232.161,1,23890
44.225.69,1,23891
96.126.120,1,23892
78.47.140,1,23893
165.22.79,1,23894
142.93.99,1,23895
44.226.82,1,23896
49.12.2,1,23897
52.12.184,1,23898
146.148.55,1,23899
52.89.52,1,23900
51.91.229,1,23901
52.214.193,1,23902
3.225.83,1,23903
18.202.209,1,23904
54.76.177,1,23905
45.32.72,1,23906
63.33.186,1,23907
3.232.5,1,23908
159.203.39,1,23909
54.77.191,1,23910
167.71.79,1,23911
34.244.192,1,23912
18.196.211,1,23913
34.73.72,1,23914
52.209.44,1,23915
18.217.156,1,23916
95.216.127,1,23917
13.59.20,1,23918
34.237.47,1,23919
185.170.112,1,23920
44.224.128,1,23921
34.224.50,1,23922
35.161.7,1,23923
204.48.17,1,23924
52.27.37,1,23925
94.23.149,1,23926
104.154.76,1,23927
18.206.1,1,23928
34.192.30,1,23929
52.3.122,1,23930
45.77.110,1,23931
15.222.224,1,23932
54.218.142,1,23933
18.219.137,1,23934
100.25.25,1,23935
52.60.229,1,23936
35.168.212,1,23937
47.244.130,1,23938
3.93.74,1,23939
209.250.247,1,23940
34.217.157,1,23941
44.228.199,1,23942
176.223.131,1,23943
138.201.186,1,23944
3.17.208,1,23945
34.214.72,1,23946
167.99.225,1,23947
47.57.108,1,23948
44.228.237,1,23949
18.189.196,1,23950
35.183.211,1,23951
52.48.160,1,23952
54.184.26,1,23953
107.191.41,1,23954
207.148.26,1,23955
3.232.102,1,23956
44.225.135,1,23957
52.168.138,1,23958
44.224.98,1,23959
18.220.206,1,23960
35.155.166,1,23961
54.246.131,1,23962
3.14.118,1,23963
35.183.241,1,23964
165.22.126,1,23965
34.250.186,1,23966
106.12.136,1,23967
100.24.125,1,23968
34.243.22,1,23969
35.182.19,1,23970
54.70.207,1,23971
205.185.119,1,23972
44.228.71,1,23973
54.163.49,1,23974
35.243.159,1,23975
47.244.50,1,23976
107.191.110,1,23977
34.246.251,1,23978
78.47.92,1,23979
34.74.78,1,23980
35.247.55,1,23981
44.226.182,1,23982
45.32.199,1,23983
44.228.206,1,23984
116.202.18,1,23985
35.182.204,1,23986
34.240.161,1,23987
18.188.189,1,23988
52.72.150,1,23989
165.227.32,1,23990
63.32.2,1,23991
155.94.140,1,23992
44.225.7,1,23993
54.229.30,1,23994
45.32.222,1,23995
95.217.131,1,23996
52.63.250,1,23997
63.34.163,1,23998
100.21.115,1,23999
34.225.233,1,24000
167.86.86,1,24001
47.244.5,1,24002
47.244.107,1,24003
52.49.149,1,24004
52.12.176,1,24005
80.101.27,1,24006
3.18.121,1,24007
52.203.209,1,24008
18.203.41,1,24009
35.182.75,1,24010
52.11.209,1,24011
108.61.203,1,24012
44.228.165,1,24013
34.204.201,1,24014
54.154.3,1,24015
74.208.217,1,24016
66.42.93,1,24017
18.200.134,1,24018
209.141.54,1,24019
74.208.247,1,24020
35.182.131,1,24021
44.225.236,1,24022
34.212.102,1,24023
18.216.247,1,24024
95.217.119,1,24025
34.105.57,1,24026
34.222.102,1,24027
44.227.126,1,24028
134.209.6,1,24029
35.172.203,1,24030
44.225.232,1,24031
18.219.177,1,24032
44.228.8,1,24033
52.44.112,1,24034
206.189.228,1,24035
3.134.242,1,24036
34.254.103,1,24037
34.71.214,1,24038
54.38.125,1,24039
64.225.34,1,24040
47.56.174,1,24041
49.12.15,1,24042
18.213.46,1,24043
44.227.112,1,24044
34.249.129,1,24045
167.71.189,1,24046
34.82.246,1,24047
54.90.64,1,24048
167.71.160,1,24049
46.51.207,1,24050
44.225.95,1,24051
44.225.126,1,24052
108.61.87,1,24053
157.245.45,1,24054
3.16.89,1,24055
209.141.56,1,24056
15.222.154,1,24057
99.80.76,1,24058
167.88.117,1,24059
206.189.232,1,24060
35.238.218,1,24061
52.50.11,1,24062
34.234.223,1,24063
34.253.3,1,24064
163.172.130,1,24065
45.63.79,1,24066
52.30.85,1,24067
52.27.23,1,24068
3.14.87,1,24069
45.76.14,1,24070
18.184.14,1,24071
54.77.220,1,24072
18.221.83,1,24073
52.18.37,1,24074
34.250.26,1,24075
50.112.9,1,24076
154.201.3,1,24077
18.203.107,1,24078
18.188.217,1,24079
34.254.203,1,24080
3.13.225,1,24081
3.19.30,1,24082
35.182.7,1,24083
34.202.109,1,24084
35.163.97,1,24085
44.224.119,1,24086
88.198.213,1,24087
155.138.143,1,24088
54.77.88,1,24089
15.223.90,1,24090
18.234.93,1,24091
45.79.22,1,24092
18.223.5,1,24093
149.248.14,1,24094
54.152.93,1,24095
63.35.28,1,24096
159.65.238,1,24097
54.237.211,1,24098
52.49.130,1,24099
207.246.121,1,24100
47.252.81,1,24101
3.14.107,1,24102
34.249.230,1,24103
34.246.205,1,24104
35.231.212,1,24105
157.245.244,1,24106
3.16.155,1,24107
213.218.141,1,24108
34.247.254,1,24109
149.28.171,1,24110
116.203.23,1,24111
18.217.253,1,24112
34.226.33,1,24113
54.77.155,1,24114
45.32.71,1,24115
35.194.11,1,24116
35.182.20,1,24117
18.207.98,1,24118
185.242.127,1,24119
159.69.150,1,24120
54.76.44,1,24121
52.3.87,1,24122
35.162.121,1,24123
100.21.150,1,24124
99.80.19,1,24125
18.204.45,1,24126
47.244.171,1,24127
104.248.255,1,24128
173.212.214,1,24129
159.69.14,1,24130
34.252.117,1,24131
3.232.9,1,24132
52.210.92,1,24133
34.243.83,1,24134
63.32.7,1,24135
151.80.61,1,24136
13.59.163,1,24137
47.56.206,1,24138
52.49.144,1,24139
149.28.200,1,24140
162.218.210,1,24141
52.71.21,1,24142
54.82.233,1,24143
95.216.141,1,24144
159.69.220,1,24145
34.238.220,1,24146
178.128.238,1,24147
3.220.39,1,24148
68.183.214,1,24149
3.81.116,1,24150
3.17.128,1,24151
159.89.35,1,24152
54.213.52,1,24153
51.91.123,1,24154
35.182.141,1,24155
52.184.137,1,24156
198.211.100,1,24157
34.249.150,1,24158
95.216.112,1,24159
47.57.106,1,24160
47.254.120,1,24161
34.75.106,1,24162
34.252.92,1,24163
54.172.175,1,24164
18.235.87,1,24165
34.241.238,1,24166
95.217.16,1,24167
157.245.211,1,24168
54.183.32,1,24169
159.203.174,1,24170
35.182.220,1,24171
95.216.193,1,24172
18.206.214,1,24173
15.222.204,1,24174
149.248.38,1,24175
52.52.47,1,24176
46.38.254,1,24177
52.213.123,1,24178
54.38.214,1,24179
3.132.22,1,24180
52.209.202,1,24181
78.46.216,1,24182
54.69.99,1,24183
78.47.249,1,24184
52.42.68,1,24185
138.201.92,1,24186
35.183.13,1,24187
145.239.85,1,24188
52.212.194,1,24189
68.183.92,1,24190
52.48.48,1,24191
116.203.120,1,24192
78.47.84,1,24193
44.224.207,1,24194
52.31.38,1,24195
35.175.123,1,24196
3.16.54,1,24197
3.231.102,1,24198
99.79.147,1,24199
52.24.127,1,24200
140.82.22,1,24201
13.59.96,1,24202
52.213.85,1,24203
157.230.23,1,24204
47.245.13,1,24205
18.156.65,1,24206
3.231.46,1,24207
138.197.147,1,24208
106.12.124,1,24209
34.210.145,1,24210
34.254.241,1,24211
54.176.49,1,24212
3.130.249,1,24213
206.189.231,1,24214
108.128.147,1,24215
62.171.138,1,24216
52.211.8,1,24217
116.203.187,1,24218
35.174.191,1,24219
63.35.204,1,24220
18.189.112,1,24221
35.243.226,1,24222
18.207.249,1,24223
99.79.0,1,24224
116.202.9,1,24225
54.212.90,1,24226
15.222.228,1,24227
167.172.233,1,24228
80.211.134,1,24229
202.5.24,1,24230
3.19.226,1,24231
49.12.77,1,24232
18.190.40,1,24233
104.248.165,1,24234
18.221.11,1,24235
54.203.146,1,24236
52.38.164,1,24237
51.15.85,1,24238
44.228.1,1,24239
67.205.154,1,24240
95.217.45,1,24241
44.227.141,1,24242
35.227.144,1,24243
116.203.128,1,24244
34.198.85,1,24245
95.217.132,1,24246
104.248.244,1,24247
52.10.99,1,24248
116.203.115,1,24249
18.215.14,1,24250
45.63.6,1,24251
99.80.198,1,24252
34.240.48,1,24253
44.231.49,1,24254
52.70.86,1,24255
63.35.53,1,24256
18.188.92,1,24257
44.225.61,1,24258
54.71.139,1,24259
34.74.159,1,24260
52.60.164,1,24261
3.134.231,1,24262
52.215.250,1,24263
54.185.34,1,24264
104.244.75,1,24265
144.202.12,1,24266
54.147.168,1,24267
13.59.60,1,24268
35.233.156,1,24269
47.241.32,1,24270
44.225.103,1,24271
3.132.11,1,24272
104.198.221,1,24273
52.48.63,1,24274
34.210.172,1,24275
167.71.73,1,24276
35.196.91,1,24277
51.158.161,1,24278
18.219.35,1,24279
52.33.5,1,24280
54.212.141,1,24281
35.182.60,1,24282
3.248.59,1,24283
18.210.27,1,24284
54.84.127,1,24285
52.16.84,1,24286
44.227.4,1,24287
106.12.110,1,24288
13.59.97,1,24289
52.16.136,1,24290
08/03/85,1,24291
149.28.91,1,24292
44.227.65,1,24293
35.236.64,1,24294
95.216.205,1,24295
52.19.113,1,24296
52.14.103,1,24297
3.96.76,1,24298
12/03/47,1,24299
52.60.131,1,24300
165.22.143,1,24301
155.138.201,1,24302
66.42.103,1,24303
99.79.119,1,24304
51.75.65,1,24305
52.210.112,1,24306
54.188.208,1,24307
3.130.55,1,24308
54.153.234,1,24309
54.190.126,1,24310
35.183.185,1,24311
188.165.137,1,24312
192.34.57,1,24313
18.212.149,1,24314
45.33.50,1,24315
44.227.159,1,24316
34.75.83,1,24317
95.179.236,1,24318
3.248.98,1,24319
35.203.46,1,24320
34.223.145,1,24321
51.81.59,1,24322
159.69.240,1,24323
54.71.65,1,24324
44.225.218,1,24325
34.238.193,1,24326
47.57.113,1,24327
3.132.164,1,24328
116.203.126,1,24329
3.231.237,1,24330
159.69.50,1,24331
52.26.142,1,24332
167.71.130,1,24333
46.29.160,1,24334
54.153.121,1,24335
199.247.22,1,24336
3.227.218,1,24337
44.229.68,1,24338
35.223.246,1,24339
3.17.35,1,24340
155.138.156,1,24341
44.228.49,1,24342
54.229.175,1,24343
3.210.198,1,24344
44.227.48,1,24345
80.255.6,1,24346
54.197.59,1,24347
52.48.136,1,24348
52.17.93,1,24349
23.23.84,1,24350
34.218.201,1,24351
34.254.106,1,24352
13.56.51,1,24353
34.252.166,1,24354
47.56.164,1,24355
3.90.173,1,24356
149.248.10,1,24357
78.46.239,1,24358
54.201.251,1,24359
3.133.142,1,24360
192.210.229,1,24361
18.224.240,1,24362
52.12.57,1,24363
44.227.241,1,24364
54.235.94,1,24365
47.57.83,1,24366
78.47.90,1,24367
99.81.183,1,24368
99.79.23,1,24369
52.213.113,1,24370
18.202.195,1,24371
3.230.240,1,24372
45.32.135,1,24373
52.8.174,1,24374
3.133.219,1,24375
34.236.115,1,24376
54.70.127,1,24377
79.137.56,1,24378
78.47.48,1,24379
34.94.32,1,24380
18.217.71,1,24381
216.128.128,1,24382
52.205.137,1,24383
52.9.150,1,24384
18.216.242,1,24385
51.15.232,1,24386
63.33.60,1,24387
35.182.11,1,24388
54.69.30,1,24389
54.185.172,1,24390
52.212.173,1,24391
34.205.161,1,24392
176.31.245,1,24393
52.49.183,1,24394
52.17.216,1,24395
18.141.48,1,24396
54.201.44,1,24397
106.12.175,1,24398
15.222.200,1,24399
44.233.210,1,24400
34.241.62,1,24401
3.213.92,1,24402
52.24.139,1,24403
51.15.46,1,24404
3.132.111,1,24405
18.202.159,1,24406
3.133.31,1,24407
144.202.114,1,24408
54.188.143,1,24409
3.248.108,1,24410
34.255.18,1,24411
63.34.7,1,24412
3.23.51,1,24413
52.212.46,1,24414
34.73.11,1,24415
52.204.235,1,24416
44.226.39,1,24417
3.214.192,1,24418
95.216.173,1,24419
159.69.184,1,24420
134.209.39,1,24421
3.16.240,1,24422
104.248.253,1,24423
23.20.3,1,24424
52.14.25,1,24425
54.77.249,1,24426
213.32.63,1,24427
52.17.234,1,24428
188.166.35,1,24429
54.77.15,1,24430
34.205.177,1,24431
167.172.17,1,24432
35.183.118,1,24433
103.127.246,1,24434
54.149.228,1,24435
116.203.16,1,24436
35.182.248,1,24437
108.61.195,1,24438
165.22.188,1,24439
35.170.81,1,24440
62.151.176,1,24441
34.242.30,1,24442
138.201.152,1,24443
40.114.7,1,24444
18.203.12,1,24445
144.202.120,1,24446
104.197.128,1,24447
34.240.202,1,24448
54.76.229,1,24449
15.222.83,1,24450
54.177.91,1,24451
18.190.9,1,24452
99.79.168,1,24453
3.130.230,1,24454
47.244.185,1,24455
3.120.131,1,24456
13.59.181,1,24457
44.226.109,1,24458
63.32.188,1,24459
54.86.202,1,24460
35.183.232,1,24461
94.23.40,1,24462
3.16.100,1,24463
52.16.231,1,24464
18.221.194,1,24465
3.215.109,1,24466
12/03/69,1,24467
3.248.25,1,24468
18.223.32,1,24469
34.200.212,1,24470
3.23.122,1,24471
52.215.194,1,24472
217.182.205,1,24473
47.91.91,1,24474
67.207.81,1,24475
167.71.161,1,24476
8.209.92,1,24477
134.122.113,1,24478
47.56.240,1,24479
52.54.43,1,24480
107.191.45,1,24481
136.244.109,1,24482
87.98.180,1,24483
15.222.123,1,24484
99.79.49,1,24485
54.77.165,1,24486
51.222.28,1,24487
198.199.68,1,24488
18.234.95,1,24489
15.222.163,1,24490
34.68.130,1,24491
69.30.215,1,24492
100.21.165,1,24493
199.247.23,1,24494
3.134.155,1,24495
88.198.170,1,24496
52.49.182,1,24497
54.72.230,1,24498
149.28.20,1,24499
52.30.198,1,24500
82.223.23,1,24501
18.223.195,1,24502
52.31.240,1,24503
99.80.232,1,24504
3.120.16,1,24505
207.154.233,1,24506
47.254.30,1,24507
50.18.216,1,24508
3.232.233,1,24509
3.89.40,1,24510
206.189.199,1,24511
34.206.137,1,24512
99.79.92,1,24513
52.17.134,1,24514
3.16.196,1,24515
94.23.147,1,24516
3.133.162,1,24517
52.42.79,1,24518
216.155.157,1,24519
35.182.93,1,24520
155.138.208,1,24521
39.98.32,1,24522
35.155.117,1,24523
3.13.232,1,24524
52.31.214,1,24525
5.135.59,1,24526
52.37.57,1,24527
52.9.51,1,24528
35.182.79,1,24529
54.203.223,1,24530
46.183.145,1,24531
34.250.99,1,24532
157.245.162,1,24533
52.24.215,1,24534
106.13.4,1,24535
52.13.59,1,24536
44.224.156,1,24537
3.135.163,1,24538
78.47.16,1,24539
3.19.100,1,24540
116.203.188,1,24541
52.209.26,1,24542
52.89.229,1,24543
46.101.100,1,24544
182.61.38,1,24545
3.226.152,1,24546
3.22.201,1,24547
104.248.239,1,24548
44.224.206,1,24549
13.52.135,1,24550
13.125.255,1,24551
45.76.251,1,24552
212.227.9,1,24553
116.203.40,1,24554
18.220.167,1,24555
149.28.57,1,24556
188.68.57,1,24557
3.96.39,1,24558
52.32.94,1,24559
3.22.35,1,24560
18.188.138,1,24561
52.206.114,1,24562
100.22.6,1,24563
52.27.2,1,24564
3.17.30,1,24565
136.244.102,1,24566
54.81.195,1,24567
142.93.249,1,24568
35.182.59,1,24569
44.226.178,1,24570
3.96.36,1,24571
15.222.113,1,24572
95.216.152,1,24573
35.193.176,1,24574
45.77.64,1,24575
3.96.17,1,24576
3.133.78,1,24577
95.217.193,1,24578
116.203.198,1,24579
52.215.134,1,24580
51.68.199,1,24581
94.23.70,1,24582
18.200.189,1,24583
116.203.242,1,24584
47.52.25,1,24585
3.23.31,1,24586
63.34.180,1,24587
3.136.107,1,24588
91.134.145,1,24589
95.179.160,1,24590
44.231.233,1,24591
3.134.46,1,24592
18.189.108,1,24593
18.203.142,1,24594
18.221.152,1,24595
18.194.134,1,24596
50.17.49,1,24597
3.124.183,1,24598
52.212.38,1,24599
52.1.135,1,24600
44.233.30,1,24601
78.46.182,1,24602
44.224.100,1,24603
138.197.77,1,24604
54.228.213,1,24605
52.14.69,1,24606
167.172.225,1,24607
3.132.85,1,24608
18.222.77,1,24609
35.196.241,1,24610
162.255.87,1,24611
52.203.254,1,24612
3.19.252,1,24613
47.251.8,1,24614
34.243.41,1,24615
54.153.93,1,24616
13.233.168,1,24617
52.203.178,1,24618
35.227.155,1,24619
116.203.153,1,24620
52.5.226,1,24621
45.76.61,1,24622
52.88.59,1,24623
44.227.59,1,24624
34.229.151,1,24625
188.68.42,1,24626
206.81.22,1,24627
68.183.111,1,24628
193.70.87,1,24629
164.132.178,1,24630
63.209.35,1,24631
54.201.250,1,24632
47.89.240,1,24633
34.245.17,1,24634
52.201.204,1,24635
198.211.110,1,24636
18.208.89,1,24637
18.220.250,1,24638
34.233.164,1,24639
35.183.215,1,24640
3.236.4,1,24641
54.212.140,1,24642
78.47.49,1,24643
91.134.113,1,24644
54.89.136,1,24645
44.224.176,1,24646
49.12.101,1,24647
49.12.64,1,24648
13.211.142,1,24649
95.216.195,1,24650
95.111.244,1,24651
54.80.108,1,24652
217.69.9,1,24653
52.49.184,1,24654
52.52.133,1,24655
34.221.150,1,24656
34.239.169,1,24657
35.183.176,1,24658
142.93.158,1,24659
44.226.69,1,24660
44.225.225,1,24661
35.227.85,1,24662
34.82.123,1,24663
34.244.121,1,24664
167.86.123,1,24665
44.230.113,1,24666
34.105.97,1,24667
206.189.222,1,24668
167.71.49,1,24669
35.182.114,1,24670
3.132.116,1,24671
99.79.135,1,24672
185.20.104,1,24673
45.76.55,1,24674
159.89.146,1,24675
116.202.14,1,24676
52.48.243,1,24677
18.189.113,1,24678
67.205.158,1,24679
44.226.189,1,24680
34.233.141,1,24681
107.173.30,1,24682
54.185.125,1,24683
3.232.252,1,24684
3.230.155,1,24685
3.248.23,1,24686
137.74.43,1,24687
195.201.25,1,24688
52.5.25,1,24689
52.53.40,1,24690
34.194.126,1,24691
66.42.91,1,24692
159.203.33,1,24693
77.68.16,1,24694
52.53.235,1,24695
3.18.111,1,24696
3.132.229,1,24697
46.101.155,1,24698
206.189.174,1,24699
159.89.117,1,24700
52.208.223,1,24701
3.132.32,1,24702
47.241.27,1,24703
35.155.124,1,24704
3.132.158,1,24705
34.242.77,1,24706
18.222.239,1,24707
23.23.231,1,24708
35.182.173,1,24709
54.166.176,1,24710
52.55.158,1,24711
209.246.143,1,24712
34.71.46,1,24713
159.69.49,1,24714
78.46.226,1,24715
44.226.98,1,24716
52.213.219,1,24717
35.162.96,1,24718
3.135.16,1,24719
144.91.99,1,24720
45.77.192,1,24721
54.154.142,1,24722
100.22.2,1,24723
95.216.9,1,24724
18.188.81,1,24725
44.225.172,1,24726
167.99.47,1,24727
3.21.254,1,24728
44.232.244,1,24729
87.98.230,1,24730
176.223.129,1,24731
3.23.139,1,24732
106.13.216,1,24733
45.76.188,1,24734
52.9.237,1,24735
52.8.187,1,24736
159.69.29,1,24737
3.133.255,1,24738
45.32.62,1,24739
3.132.182,1,24740
134.209.72,1,24741
95.179.206,1,24742
3.16.27,1,24743
51.89.233,1,24744
34.253.79,1,24745
207.180.227,1,24746
198.98.55,1,24747
47.56.200,1,24748
47.57.127,1,24749
3.234.113,1,24750
44.226.251,1,24751
95.179.166,1,24752
139.180.173,1,24753
167.71.165,1,24754
8.209.118,1,24755
144.91.115,1,24756
44.229.234,1,24757
34.255.110,1,24758
63.33.235,1,24759
45.32.179,1,24760
35.192.109,1,24761
18.190.121,1,24762
54.189.215,1,24763
3.130.13,1,24764
176.31.195,1,24765
54.183.205,1,24766
45.77.70,1,24767
35.182.5,1,24768
44.225.141,1,24769
188.165.200,1,24770
34.246.22,1,24771
95.216.183,1,24772
52.19.22,1,24773
13.58.199,1,24774
45.32.137,1,24775
100.26.116,1,24776
34.254.178,1,24777
34.255.59,1,24778
44.224.150,1,24779
111.231.63,1,24780
3.96.70,1,24781
167.99.191,1,24782
44.224.205,1,24783
182.61.54,1,24784
18.203.47,1,24785
34.252.148,1,24786
52.211.186,1,24787
34.223.44,1,24788
3.216.223,1,24789
52.213.47,1,24790
37.59.43,1,24791
3.19.70,1,24792
64.227.13,1,24793
207.180.217,1,24794
52.55.106,1,24795
144.91.81,1,24796
52.201.207,1,24797
3.23.69,1,24798
44.224.62,1,24799
99.81.54,1,24800
34.67.30,1,24801
34.237.2,1,24802
35.161.199,1,24803
15.222.192,1,24804
15.223.93,1,24805
52.211.129,1,24806
18.180.67,1,24807
34.243.29,1,24808
54.229.66,1,24809
45.32.164,1,24810
78.47.169,1,24811
157.245.242,1,24812
34.232.79,1,24813
168.235.91,1,24814
44.229.240,1,24815
108.128.44,1,24816
34.252.72,1,24817
18.217.21,1,24818
18.203.160,1,24819
18.190.131,1,24820
34.82.68,1,24821
52.17.4,1,24822
34.233.234,1,24823
51.38.81,1,24824
3.86.15,1,24825
52.51.232,1,24826
13.125.253,1,24827
18.200.143,1,24828
51.158.109,1,24829
95.216.115,1,24830
54.81.234,1,24831
35.182.164,1,24832
44.228.227,1,24833
52.215.229,1,24834
185.205.210,1,24835
34.245.52,1,24836
35.231.91,1,24837
52.214.187,1,24838
45.63.19,1,24839
96.30.192,1,24840
144.217.254,1,24841
45.77.123,1,24842
47.56.252,1,24843
67.205.169,1,24844
47.244.147,1,24845
108.129.27,1,24846
34.201.5,1,24847
52.208.60,1,24848
52.4.151,1,24849
49.12.35,1,24850
99.79.81,1,24851
91.134.123,1,24852
51.15.192,1,24853
3.81.63,1,24854
167.71.122,1,24855
178.128.230,1,24856
3.219.62,1,24857
137.74.234,1,24858
192.184.90,1,24859
34.237.173,1,24860
3.13.28,1,24861
3.81.224,1,24862
3.208.64,1,24863
99.80.173,1,24864
3.132.59,1,24865
89.47.161,1,24866
54.190.178,1,24867
34.69.110,1,24868
13.52.228,1,24869
3.248.96,1,24870
47.254.39,1,24871
63.33.51,1,24872
37.187.17,1,24873
52.184.156,1,24874
35.183.201,1,24875
63.32.191,1,24876
116.203.212,1,24877
78.141.222,1,24878
18.191.245,1,24879
44.228.203,1,24880
52.16.117,1,24881
44.230.88,1,24882
54.154.150,1,24883
34.229.85,1,24884
67.205.165,1,24885
3.133.69,1,24886
149.28.55,1,24887
52.48.126,1,24888
116.203.221,1,24889
44.230.117,1,24890
52.50.62,1,24891
52.91.83,1,24892
159.65.189,1,24893
18.191.211,1,24894
34.228.122,1,24895
167.99.48,1,24896
52.17.17,1,24897
52.210.246,1,24898
116.203.110,1,24899
18.222.242,1,24900
34.255.98,1,24901
3.19.254,1,24902
52.31.205,1,24903
34.246.159,1,24904
3.132.148,1,24905
173.212.252,1,24906
13.58.86,1,24907
159.69.35,1,24908
18.200.165,1,24909
18.224.184,1,24910
3.134.236,1,24911
3.132.140,1,24912
54.38.157,1,24913
18.190.134,1,24914
5.189.152,1,24915
35.233.185,1,24916
35.183.83,1,24917
35.174.61,1,24918
34.105.88,1,24919
18.206.132,1,24920
106.13.200,1,24921
44.225.237,1,24922
13.52.74,1,24923
35.177.23,1,24924
18.209.247,1,24925
173.249.12,1,24926
99.80.147,1,24927
44.227.52,1,24928
13.52.233,1,24929
104.248.33,1,24930
54.185.98,1,24931
18.221.180,1,24932
18.221.235,1,24933
54.72.56,1,24934
138.201.91,1,24935
51.38.211,1,24936
142.93.247,1,24937
18.235.78,1,24938
91.121.54,1,24939
18.222.212,1,24940
52.14.139,1,24941
18.206.83,1,24942
34.70.7,1,24943
52.15.50,1,24944
50.18.231,1,24945
13.56.83,1,24946
78.47.19,1,24947
18.202.208,1,24948
54.185.219,1,24949
44.228.119,1,24950
212.227.198,1,24951
99.79.12,1,24952
34.75.110,1,24953
34.240.234,1,24954
34.252.205,1,24955
3.14.190,1,24956
54.154.31,1,24957
149.28.164,1,24958
52.60.232,1,24959
176.9.116,1,24960
52.60.61,1,24961
35.184.38,1,24962
92.222.67,1,24963
18.223.166,1,24964
44.228.116,1,24965
44.232.118,1,24966
34.240.27,1,24967
99.79.46,1,24968
35.196.61,1,24969
18.236.18,1,24970
3.16.25,1,24971
34.246.228,1,24972
95.216.209,1,24973
74.208.80,1,24974
54.212.73,1,24975
209.250.241,1,24976
34.105.49,1,24977
52.60.146,1,24978
167.99.221,1,24979
94.23.75,1,24980
148.251.122,1,24981
144.91.116,1,24982
44.226.157,1,24983
3.136.211,1,24984
34.215.102,1,24985
45.77.182,1,24986
34.249.90,1,24987
37.59.50,1,24988
3.15.31,1,24989
34.248.14,1,24990
35.170.131,1,24991
18.207.46,1,24992
18.223.15,1,24993
52.19.225,1,24994
116.203.124,1,24995
134.209.234,1,24996
100.20.250,1,24997
108.129.58,1,24998
52.55.3,1,24999
15.222.104,1,25000
44.226.253,1,25001
78.46.160,1,25002
18.216.137,1,25003
51.255.214,1,25004
52.43.217,1,25005
167.99.85,1,25006
44.227.78,1,25007
54.77.69,1,25008
18.189.123,1,25009
52.208.131,1,25010
99.79.166,1,25011
52.49.255,1,25012
106.13.12,1,25013
47.241.13,1,25014
3.248.79,1,25015
18.216.146,1,25016
139.59.93,1,25017
3.248.88,1,25018
45.77.66,1,25019
18.203.198,1,25020
95.216.187,1,25021
34.246.100,1,25022
44.230.14,1,25023
167.71.156,1,25024
44.228.103,1,25025
54.246.132,1,25026
51.158.180,1,25027
51.158.175,1,25028
51.89.166,1,25029
52.208.11,1,25030
165.22.53,1,25031
46.105.98,1,25032
18.200.85,1,25033
44.224.234,1,25034
52.60.74,1,25035
167.71.86,1,25036
47.75.244,1,25037
18.191.69,1,25038
52.88.133,1,25039
173.212.251,1,25040
138.197.104,1,25041
3.23.161,1,25042
79.137.21,1,25043
63.32.128,1,25044
54.71.43,1,25045
95.216.151,1,25046
106.13.68,1,25047
35.182.95,1,25048
88.99.13,1,25049
185.206.144,1,25050
141.164.60,1,25051
52.17.9,1,25052
51.83.33,1,25053
52.18.215,1,25054
52.60.35,1,25055
122.51.82,1,25056
182.61.145,1,25057
95.216.222,1,25058
108.128.234,1,25059
54.71.28,1,25060
15.222.99,1,25061
35.167.102,1,25062
54.154.233,1,25063
149.248.15,1,25064
88.198.146,1,25065
3.88.233,1,25066
54.71.226,1,25067
159.89.50,1,25068
34.248.187,1,25069
47.244.163,1,25070
35.182.135,1,25071
52.16.118,1,25072
44.226.243,1,25073
3.136.164,1,25074
47.57.79,1,25075
3.248.6,1,25076
49.12.41,1,25077
54.77.97,1,25078
3.132.235,1,25079
3.14.152,1,25080
52.33.63,1,25081
178.128.3,1,25082
213.136.85,1,25083
106.13.18,1,25084
64.225.3,1,25085
149.28.43,1,25086
63.33.76,1,25087
142.93.251,1,25088
47.103.214,1,25089
198.98.62,1,25090
52.15.135,1,25091
3.14.86,1,25092
34.245.64,1,25093
165.22.48,1,25094
13.56.64,1,25095
52.35.11,1,25096
108.128.176,1,25097
18.202.49,1,25098
44.226.142,1,25099
52.213.236,1,25100
52.32.244,1,25101
3.90.112,1,25102
34.215.158,1,25103
159.65.244,1,25104
63.33.50,1,25105
116.203.176,1,25106
52.2.188,1,25107
52.12.61,1,25108
44.225.51,1,25109
35.163.86,1,25110
94.23.145,1,25111
91.121.38,1,25112
52.6.160,1,25113
167.86.104,1,25114
34.215.55,1,25115
52.214.182,1,25116
52.44.217,1,25117
13.59.112,1,25118
52.50.93,1,25119
159.203.4,1,25120
18.202.83,1,25121
3.23.30,1,25122
3.132.204,1,25123
18.196.207,1,25124
195.201.130,1,25125
52.60.197,1,25126
116.203.101,1,25127
44.230.81,1,25128
44.227.130,1,25129
95.216.228,1,25130
99.79.153,1,25131
167.71.94,1,25132
3.13.166,1,25133
54.72.126,1,25134
3.132.185,1,25135
35.223.87,1,25136
44.226.24,1,25137
12/08/16,1,25138
3.132.206,1,25139
18.217.25,1,25140
91.228.52,1,25141
34.251.71,1,25142
78.47.69,1,25143
18.189.121,1,25144
193.38.50,1,25145
54.86.248,1,25146
52.50.241,1,25147
180.76.178,1,25148
46.51.195,1,25149
3.135.22,1,25150
85.214.110,1,25151
34.201.13,1,25152
3.16.122,1,25153
3.226.135,1,25154
144.202.73,1,25155
35.182.221,1,25156
99.79.7,1,25157
34.240.92,1,25158
47.89.245,1,25159
45.76.70,1,25160
206.189.181,1,25161
52.89.88,1,25162
106.13.16,1,25163
44.226.225,1,25164
52.60.121,1,25165
3.248.137,1,25166
18.224.213,1,25167
50.18.220,1,25168
52.52.246,1,25169
99.80.81,1,25170
3.18.72,1,25171
34.250.2,1,25172
87.98.178,1,25173
95.217.23,1,25174
52.48.130,1,25175
35.160.37,1,25176
3.23.186,1,25177
15.222.103,1,25178
74.208.124,1,25179
47.254.129,1,25180
3.93.175,1,25181
3.132.168,1,25182
58.210.135,1,25183
47.56.232,1,25184
213.59.118,1,25185
34.240.93,1,25186
185.69.52,1,25187
13.59.22,1,25188
159.65.32,1,25189
129.204.106,1,25190
34.254.44,1,25191
34.83.231,1,25192
34.218.2,1,25193
34.69.143,1,25194
44.225.5,1,25195
51.158.122,1,25196
164.68.100,1,25197
99.80.137,1,25198
68.183.11,1,25199
52.50.126,1,25200
100.21.214,1,25201
52.60.230,1,25202
54.154.169,1,25203
54.154.98,1,25204
34.255.93,1,25205
3.232.103,1,25206
174.138.40,1,25207
52.14.195,1,25208
51.15.225,1,25209
34.83.222,1,25210
116.203.203,1,25211
18.231.146,1,25212
44.226.31,1,25213
3.132.195,1,25214
168.235.70,1,25215
18.217.83,1,25216
52.60.95,1,25217
3.94.202,1,25218
95.179.240,1,25219
35.174.178,1,25220
54.219.186,1,25221
151.80.11,1,25222
52.70.215,1,25223
3.136.180,1,25224
89.47.160,1,25225
18.219.17,1,25226
18.224.252,1,25227
84.6.207,1,25228
95.179.169,1,25229
104.248.9,1,25230
44.225.30,1,25231
47.56.156,1,25232
35.182.138,1,25233
52.31.56,1,25234
34.246.202,1,25235
52.31.116,1,25236
3.230.197,1,25237
3.132.155,1,25238
44.228.72,1,25239
51.77.174,1,25240
44.229.158,1,25241
54.71.81,1,25242
52.50.39,1,25243
159.69.188,1,25244
18.221.56,1,25245
205.185.120,1,25246
54.184.30,1,25247
52.60.142,1,25248
52.56.132,1,25249
100.20.178,1,25250
52.18.109,1,25251
178.128.229,1,25252
3.18.50,1,25253
88.198.128,1,25254
34.242.4,1,25255
18.191.244,1,25256
44.226.0,1,25257
34.74.166,1,25258
209.250.250,1,25259
34.253.86,1,25260
44.224.18,1,25261
3.16.234,1,25262
54.72.235,1,25263
3.214.102,1,25264
51.75.104,1,25265
3.121.224,1,25266
35.155.229,1,25267
81.4.100,1,25268
52.60.40,1,25269
95.216.166,1,25270
34.240.211,1,25271
3.133.217,1,25272
34.249.240,1,25273
3.96.21,1,25274
35.243.164,1,25275
68.183.171,1,25276
173.255.252,1,25277
46.105.38,1,25278
45.32.86,1,25279
51.89.139,1,25280
52.60.189,1,25281
51.158.97,1,25282
52.214.216,1,25283
168.235.69,1,25284
54.203.125,1,25285
99.80.241,1,25286
34.250.187,1,25287
144.202.107,1,25288
44.229.17,1,25289
3.217.161,1,25290
104.248.202,1,25291
88.99.34,1,25292
52.210.82,1,25293
44.231.209,1,25294
34.241.52,1,25295
209.141.61,1,25296
116.203.131,1,25297
52.49.164,1,25298
34.240.249,1,25299
44.227.8,1,25300
74.208.42,1,25301
35.182.211,1,25302
172.105.9,1,25303
99.81.166,1,25304
54.194.58,1,25305
34.254.120,1,25306
108.128.116,1,25307
52.60.211,1,25308
95.216.244,1,25309
46.101.234,1,25310
47.91.16,1,25311
63.32.125,1,25312
52.45.93,1,25313
35.236.45,1,25314
52.201.59,1,25315
185.183.158,1,25316
52.49.235,1,25317
52.8.71,1,25318
18.223.161,1,25319
44.230.53,1,25320
178.128.14,1,25321
134.209.244,1,25322
161.35.113,1,25323
3.121.200,1,25324
52.72.246,1,25325
78.47.143,1,25326
52.209.203,1,25327
45.32.216,1,25328
52.45.129,1,25329
15.222.128,1,25330
3.219.101,1,25331
54.69.44,1,25332
52.50.131,1,25333
18.200.92,1,25334
44.230.115,1,25335
95.217.217,1,25336
52.49.40,1,25337
44.227.157,1,25338
144.91.114,1,25339
99.79.63,1,25340
52.11.36,1,25341
173.249.30,1,25342
52.18.185,1,25343
52.38.197,1,25344
18.218.30,1,25345
52.35.13,1,25346
50.112.22,1,25347
54.36.131,1,25348
173.208.207,1,25349
165.227.192,1,25350
159.69.48,1,25351
3.234.160,1,25352
23.20.136,1,25353
44.228.125,1,25354
54.183.50,1,25355
142.93.149,1,25356
47.88.106,1,25357
3.14.241,1,25358
3.131.0,1,25359
18.217.255,1,25360
34.236.163,1,25361
95.216.159,1,25362
157.245.239,1,25363
54.214.177,1,25364
18.223.63,1,25365
34.251.110,1,25366
104.248.238,1,25367
34.249.70,1,25368
35.182.92,1,25369
95.217.195,1,25370
54.212.134,1,25371
18.222.235,1,25372
54.89.203,1,25373
35.238.33,1,25374
52.16.76,1,25375
34.106.140,1,25376
54.38.158,1,25377
52.41.96,1,25378
35.182.26,1,25379
136.244.86,1,25380
63.35.153,1,25381
44.226.113,1,25382
34.75.46,1,25383
54.237.31,1,25384
167.71.10,1,25385
44.228.235,1,25386
51.158.176,1,25387
54.246.159,1,25388
52.15.139,1,25389
3.231.224,1,25390
52.88.190,1,25391
3.130.165,1,25392
52.72.238,1,25393
3.133.198,1,25394
34.248.124,1,25395
3.88.216,1,25396
134.209.190,1,25397
54.213.158,1,25398
47.75.222,1,25399
54.85.110,1,25400
34.106.95,1,25401
3.234.180,1,25402
52.16.64,1,25403
107.23.234,1,25404
51.15.252,1,25405
54.148.189,1,25406
3.23.66,1,25407
63.34.52,1,25408
52.214.102,1,25409
49.12.34,1,25410
208.167.239,1,25411
51.178.54,1,25412
78.47.252,1,25413
3.23.57,1,25414
52.209.247,1,25415
34.245.67,1,25416
149.28.231,1,25417
63.33.41,1,25418
149.28.227,1,25419
149.28.36,1,25420
54.244.128,1,25421
78.47.151,1,25422
54.208.5,1,25423
18.217.9,1,25424
54.72.9,1,25425
159.69.191,1,25426
52.39.52,1,25427
47.57.105,1,25428
54.91.82,1,25429
64.227.105,1,25430
3.96.32,1,25431
97.107.137,1,25432
34.223.175,1,25433
134.122.59,1,25434
34.242.172,1,25435
34.246.60,1,25436
18.236.176,1,25437
99.80.200,1,25438
52.208.108,1,25439
34.253.16,1,25440
13.58.222,1,25441
49.12.13,1,25442
165.22.195,1,25443
78.47.23,1,25444
44.225.112,1,25445
52.211.170,1,25446
18.217.205,1,25447
34.252.220,1,25448
52.60.237,1,25449
3.19.96,1,25450
35.161.117,1,25451
44.227.129,1,25452
157.230.180,1,25453
35.183.39,1,25454
104.248.60,1,25455
95.217.208,1,25456
44.226.144,1,25457
3.137.38,1,25458
52.45.102,1,25459
176.223.138,1,25460
44.225.96,1,25461
52.212.245,1,25462
52.12.28,1,25463
91.121.87,1,25464
3.134.83,1,25465
3.134.2,1,25466
54.85.123,1,25467
145.239.62,1,25468
106.12.138,1,25469
66.42.107,1,25470
34.223.139,1,25471
35.158.134,1,25472
99.80.254,1,25473
34.242.1,1,25474
18.200.171,1,25475
45.76.34,1,25476
3.234.239,1,25477
3.130.245,1,25478
47.244.186,1,25479
182.61.57,1,25480
209.97.182,1,25481
18.202.180,1,25482
164.132.42,1,25483
104.248.139,1,25484
3.17.112,1,25485
172.104.27,1,25486
54.245.215,1,25487
3.124.8,1,25488
54.208.123,1,25489
52.14.188,1,25490
18.223.184,1,25491
47.91.241,1,25492
35.182.39,1,25493
18.209.248,1,25494
99.79.163,1,25495
178.33.52,1,25496
52.60.214,1,25497
54.154.167,1,25498
3.133.209,1,25499
34.68.58,1,25500
52.12.115,1,25501
44.227.169,1,25502
3.224.243,1,25503
5.189.170,1,25504
78.47.206,1,25505
3.232.166,1,25506
52.213.67,1,25507
34.240.157,1,25508
52.209.218,1,25509
54.229.113,1,25510
3.135.101,1,25511
3.23.169,1,25512
35.172.63,1,25513
116.203.100,1,25514
34.231.61,1,25515
52.213.128,1,25516
18.200.232,1,25517
3.90.49,1,25518
52.52.200,1,25519
207.246.92,1,25520
3.214.237,1,25521
45.76.245,1,25522
64.227.45,1,25523
52.59.239,1,25524
35.166.21,1,25525
3.248.101,1,25526
100.21.192,1,25527
78.47.111,1,25528
35.164.51,1,25529
63.35.3,1,25530
66.175.216,1,25531
54.191.193,1,25532
134.122.8,1,25533
167.86.91,1,25534
155.138.149,1,25535
35.183.63,1,25536
45.33.1,1,25537
95.216.143,1,25538
52.14.107,1,25539
51.15.83,1,25540
18.233.247,1,25541
144.202.99,1,25542
44.231.1,1,25543
104.156.230,1,25544
142.93.121,1,25545
54.70.189,1,25546
52.60.169,1,25547
13.57.204,1,25548
54.208.236,1,25549
52.3.104,1,25550
159.69.8,1,25551
35.166.208,1,25552
52.13.22,1,25553
44.225.26,1,25554
52.36.203,1,25555
44.226.248,1,25556
34.73.53,1,25557
44.226.159,1,25558
45.76.29,1,25559
35.222.36,1,25560
18.223.21,1,25561
168.235.102,1,25562
178.128.161,1,25563
78.47.126,1,25564
52.18.187,1,25565
212.47.249,1,25566
155.138.196,1,25567
34.83.186,1,25568
13.56.96,1,25569
82.223.110,1,25570
35.225.93,1,25571
122.51.83,1,25572
18.217.136,1,25573
34.240.12,1,25574
51.91.183,1,25575
47.251.7,1,25576
34.83.127,1,25577
44.227.150,1,25578
106.12.118,1,25579
68.183.133,1,25580
52.25.210,1,25581
3.219.88,1,25582
44.224.201,1,25583
44.224.250,1,25584
3.23.173,1,25585
18.200.104,1,25586
44.228.35,1,25587
95.216.76,1,25588
47.89.230,1,25589
51.38.131,1,25590
44.228.76,1,25591
68.183.64,1,25592
82.223.36,1,25593
3.134.149,1,25594
52.30.146,1,25595
13.125.236,1,25596
149.28.197,1,25597
104.248.65,1,25598
88.99.174,1,25599
54.218.194,1,25600
167.88.115,1,25601
3.249.14,1,25602
54.156.63,1,25603
54.218.184,1,25604
118.24.181,1,25605
51.79.85,1,25606
116.203.108,1,25607
164.132.111,1,25608
13.77.140,1,25609
77.68.25,1,25610
34.242.191,1,25611
52.51.128,1,25612
13.59.202,1,25613
52.213.224,1,25614
18.220.114,1,25615
54.215.193,1,25616
50.116.12,1,25617
54.184.132,1,25618
173.212.198,1,25619
3.80.252,1,25620
95.179.227,1,25621
3.15.12,1,25622
95.217.198,1,25623
173.249.22,1,25624
52.60.173,1,25625
95.217.185,1,25626
3.19.54,1,25627
34.255.222,1,25628
35.171.134,1,25629
136.243.90,1,25630
3.213.107,1,25631
3.132.192,1,25632
161.35.60,1,25633
3.232.155,1,25634
54.209.17,1,25635
44.226.13,1,25636
3.23.174,1,25637
34.195.12,1,25638
52.210.156,1,25639
34.200.238,1,25640
44.225.14,1,25641
52.60.223,1,25642
44.227.152,1,25643
149.28.225,1,25644
134.209.184,1,25645
100.21.234,1,25646
167.172.209,1,25647
54.147.173,1,25648
3.14.8,1,25649
34.73.114,1,25650
35.182.78,1,25651
3.20.48,1,25652
3.13.72,1,25653
3.234.131,1,25654
13.59.168,1,25655
54.148.81,1,25656
3.134.55,1,25657
34.83.90,1,25658
34.218.166,1,25659
52.26.218,1,25660
63.34.223,1,25661
3.137.35,1,25662
3.132.234,1,25663
34.249.137,1,25664
107.175.115,1,25665
54.194.19,1,25666
5.135.24,1,25667
18.205.38,1,25668
34.67.244,1,25669
63.32.196,1,25670
91.134.146,1,25671
167.99.188,1,25672
52.17.80,1,25673
3.218.72,1,25674
18.221.5,1,25675
144.202.37,1,25676
51.15.111,1,25677
134.209.241,1,25678
44.225.23,1,25679
159.69.83,1,25680
106.13.15,1,25681
44.226.254,1,25682
167.172.128,1,25683
51.75.28,1,25684
52.208.80,1,25685
209.141.48,1,25686
209.250.238,1,25687
52.12.73,1,25688
35.233.224,1,25689
185.16.61,1,25690
18.207.138,1,25691
12/03/43,1,25692
47.244.43,1,25693
52.209.131,1,25694
34.253.144,1,25695
34.204.189,1,25696
39.97.124,1,25697
18.229.160,1,25698
3.134.240,1,25699
18.190.63,1,25700
47.244.58,1,25701
51.77.145,1,25702
13.209.65,1,25703
216.250.126,1,25704
63.34.155,1,25705
107.189.11,1,25706
63.35.144,1,25707
116.203.85,1,25708
18.217.130,1,25709
34.195.101,1,25710
54.189.244,1,25711
52.42.54,1,25712
35.183.22,1,25713
52.19.8,1,25714
52.58.38,1,25715
35.163.69,1,25716
44.232.111,1,25717
34.225.245,1,25718
12/03/91,1,25719
3.136.32,1,25720
34.205.92,1,25721
148.251.10,1,25722
35.199.185,1,25723
18.219.189,1,25724
18.209.79,1,25725
34.214.90,1,25726
148.251.40,1,25727
162.216.16,1,25728
173.212.207,1,25729
52.17.116,1,25730
54.203.128,1,25731
70.35.197,1,25732
100.27.17,1,25733
3.248.75,1,25734
13.82.107,1,25735
34.243.203,1,25736
52.16.54,1,25737
52.211.199,1,25738
18.212.203,1,25739
45.77.71,1,25740
52.8.183,1,25741
88.99.190,1,25742
44.227.115,1,25743
218.78.65,1,25744
34.235.142,1,25745
18.189.52,1,25746
44.225.111,1,25747
34.68.230,1,25748
52.202.6,1,25749
18.220.128,1,25750
157.245.11,1,25751
54.188.81,1,25752
44.225.88,1,25753
52.60.36,1,25754
47.56.181,1,25755
49.12.10,1,25756
45.79.148,1,25757
34.70.227,1,25758
35.183.159,1,25759
52.14.83,1,25760
18.200.183,1,25761
34.246.105,1,25762
18.207.119,1,25763
34.247.10,1,25764
3.216.228,1,25765
52.30.201,1,25766
178.32.108,1,25767
3.13.67,1,25768
159.89.194,1,25769
44.225.152,1,25770
95.217.234,1,25771
47.90.203,1,25772
34.247.49,1,25773
52.31.68,1,25774
198.211.112,1,25775
52.0.50,1,25776
99.81.121,1,25777
52.60.87,1,25778
54.37.16,1,25779
54.194.131,1,25780
18.191.190,1,25781
3.233.29,1,25782
44.230.49,1,25783
3.233.56,1,25784
159.89.43,1,25785
18.191.158,1,25786
3.93.207,1,25787
78.47.43,1,25788
34.235.255,1,25789
149.28.35,1,25790
34.74.217,1,25791
52.205.32,1,25792
3.134.198,1,25793
3.248.10,1,25794
116.202.109,1,25795
44.229.39,1,25796
44.226.137,1,25797
18.224.4,1,25798
194.50.170,1,25799
130.211.213,1,25800
52.30.111,1,25801
3.81.207,1,25802
180.76.115,1,25803
13.57.66,1,25804
108.128.215,1,25805
194.135.95,1,25806
108.128.205,1,25807
167.172.189,1,25808
78.47.168,1,25809
111.229.142,1,25810
54.201.223,1,25811
8.209.93,1,25812
13.59.187,1,25813
3.17.163,1,25814
217.182.39,1,25815
3.132.18,1,25816
52.212.22,1,25817
3.94.154,1,25818
47.52.155,1,25819
165.227.53,1,25820
3.134.18,1,25821
52.60.185,1,25822
104.248.66,1,25823
45.76.35,1,25824
3.21.208,1,25825
142.93.174,1,25826
34.242.195,1,25827
52.60.39,1,25828
52.17.26,1,25829
15.222.207,1,25830
155.138.128,1,25831
116.203.103,1,25832
47.57.75,1,25833
35.182.12,1,25834
149.28.59,1,25835
52.30.134,1,25836
3.89.147,1,25837
34.243.20,1,25838
54.154.40,1,25839
3.23.82,1,25840
54.201.247,1,25841
52.44.172,1,25842
108.129.0,1,25843
106.12.145,1,25844
163.172.152,1,25845
99.80.156,1,25846
45.77.206,1,25847
198.71.61,1,25848
188.165.66,1,25849
3.92.96,1,25850
52.30.169,1,25851
80.240.24,1,25852
44.224.60,1,25853
52.213.73,1,25854
145.239.88,1,25855
34.194.136,1,25856
3.18.215,1,25857
18.202.11,1,25858
8.209.250,1,25859
3.22.203,1,25860
18.216.245,1,25861
8.209.113,1,25862
34.232.82,1,25863
140.82.4,1,25864
35.161.246,1,25865
44.231.159,1,25866
185.45.113,1,25867
50.112.75,1,25868
54.67.44,1,25869
52.211.2,1,25870
3.122.108,1,25871
45.32.131,1,25872
34.105.9,1,25873
34.234.172,1,25874
35.226.106,1,25875
47.57.98,1,25876
52.203.246,1,25877
3.136.3,1,25878
52.210.235,1,25879
18.203.39,1,25880
52.9.173,1,25881
3.91.11,1,25882
95.216.165,1,25883
44.224.241,1,25884
145.239.121,1,25885
180.76.142,1,25886
44.227.110,1,25887
3.21.192,1,25888
106.12.102,1,25889
34.201.169,1,25890
45.77.60,1,25891
218.78.98,1,25892
51.83.212,1,25893
18.200.35,1,25894
54.183.61,1,25895
95.217.19,1,25896
34.72.107,1,25897
45.63.71,1,25898
34.226.189,1,25899
194.147.33,1,25900
52.9.106,1,25901
3.94.31,1,25902
3.226.18,1,25903
47.89.181,1,25904
163.172.154,1,25905
52.198.20,1,25906
149.28.124,1,25907
3.134.229,1,25908
54.188.112,1,25909
45.63.69,1,25910
134.122.28,1,25911
3.216.207,1,25912
47.88.20,1,25913
44.227.15,1,25914
95.179.165,1,25915
52.14.146,1,25916
34.250.148,1,25917
3.132.45,1,25918
95.179.161,1,25919
3.15.108,1,25920
134.209.9,1,25921
54.209.241,1,25922
34.66.202,1,25923
52.49.196,1,25924
52.30.43,1,25925
3.227.93,1,25926
52.43.246,1,25927
52.15.156,1,25928
52.60.59,1,25929
18.190.142,1,25930
52.60.159,1,25931
37.120.189,1,25932
52.184.176,1,25933
138.197.216,1,25934
47.241.63,1,25935
18.235.35,1,25936
52.211.168,1,25937
157.245.126,1,25938
3.22.8,1,25939
3.106.149,1,25940
54.177.45,1,25941
107.21.17,1,25942
45.32.203,1,25943
207.154.194,1,25944
54.194.156,1,25945
95.179.180,1,25946
54.190.80,1,25947
3.248.174,1,25948
54.71.254,1,25949
13.59.86,1,25950
52.210.215,1,25951
54.154.94,1,25952
78.47.113,1,25953
149.28.192,1,25954
149.202.25,1,25955
178.33.55,1,25956
35.184.51,1,25957
3.133.75,1,25958
95.217.182,1,25959
52.26.86,1,25960
18.184.165,1,25961
188.68.59,1,25962
34.82.85,1,25963
222.186.31,1,25964
3.232.244,1,25965
34.241.98,1,25966
18.188.211,1,25967
91.121.66,1,25968
99.79.106,1,25969
18.235.241,1,25970
165.22.76,1,25971
18.218.181,1,25972
35.182.159,1,25973
35.185.42,1,25974
15.223.96,1,25975
164.132.135,1,25976
18.221.102,1,25977
222.186.15,1,25978
95.179.191,1,25979
45.32.132,1,25980
178.32.72,1,25981
34.195.97,1,25982
176.31.122,1,25983
54.194.234,1,25984
35.247.18,1,25985
52.210.53,1,25986
45.32.14,1,25987
3.219.37,1,25988
34.242.210,1,25989
62.171.155,1,25990
167.99.184,1,25991
68.183.121,1,25992
54.68.82,1,25993
138.68.225,1,25994
3.224.22,1,25995
54.190.104,1,25996
100.21.75,1,25997
52.55.45,1,25998
45.33.91,1,25999
44.228.89,1,26000
34.248.245,1,26001
52.209.100,1,26002
95.216.219,1,26003
3.17.204,1,26004
44.228.109,1,26005
3.130.205,1,26006
54.203.11,1,26007
15.223.141,1,26008
3.208.78,1,26009
35.190.195,1,26010
3.135.240,1,26011
167.71.151,1,26012
134.209.149,1,26013
54.153.238,1,26014
54.188.80,1,26015
44.228.84,1,26016
207.148.11,1,26017
34.249.25,1,26018
47.57.114,1,26019
34.232.188,1,26020
167.71.38,1,26021
52.89.148,1,26022
44.224.251,1,26023
3.135.92,1,26024
180.76.157,1,26025
52.27.206,1,26026
34.237.143,1,26027
74.208.24,1,26028
3.20.193,1,26029
104.196.250,1,26030
3.133.89,1,26031
3.23.178,1,26032
54.189.170,1,26033
3.130.70,1,26034
54.149.24,1,26035
108.129.6,1,26036
52.35.144,1,26037
52.16.232,1,26038
54.171.58,1,26039
35.158.198,1,26040
35.170.82,1,26041
3.23.37,1,26042
34.71.38,1,26043
67.205.141,1,26044
44.225.39,1,26045
168.63.99,1,26046
54.144.111,1,26047
66.42.117,1,26048
44.227.140,1,26049
18.212.113,1,26050
34.201.42,1,26051
82.223.97,1,26052
35.182.214,1,26053
3.81.229,1,26054
52.12.111,1,26055
207.148.20,1,26056
44.233.9,1,26057
13.59.184,1,26058
54.204.168,1,26059
3.21.122,1,26060
142.93.237,1,26061
54.211.42,1,26062
44.226.169,1,26063
44.226.135,1,26064
34.212.157,1,26065
52.31.76,1,26066
3.213.45,1,26067
51.91.110,1,26068
34.250.79,1,26069
51.158.105,1,26070
52.60.182,1,26071
116.203.113,1,26072
44.225.196,1,26073
93.90.204,1,26074
104.248.56,1,26075
52.18.214,1,26076
3.232.54,1,26077
34.244.32,1,26078
35.180.45,1,26079
52.211.48,1,26080
104.248.122,1,26081
52.213.23,1,26082
182.61.37,1,26083
34.250.202,1,26084
91.132.147,1,26085
3.133.23,1,26086
52.205.153,1,26087
195.181.245,1,26088
78.47.61,1,26089
157.245.172,1,26090
76.120.88,1,26091
192.161.161,1,26092
54.77.90,1,26093
193.111.199,1,26094
3.230.33,1,26095
44.232.239,1,26096
3.230.117,1,26097
35.182.126,1,26098
35.167.135,1,26099
52.203.151,1,26100
13.57.153,1,26101
54.194.164,1,26102
46.105.44,1,26103
15.222.191,1,26104
91.241.32,1,26105
159.203.191,1,26106
192.3.194,1,26107
52.89.60,1,26108
35.222.158,1,26109
18.222.233,1,26110
209.141.50,1,26111
3.231.39,1,26112
173.212.235,1,26113
47.75.153,1,26114
13.66.210,1,26115
45.63.65,1,26116
34.236.73,1,26117
63.34.238,1,26118
3.89.33,1,26119
18.202.149,1,26120
35.164.188,1,26121
18.188.167,1,26122
35.182.40,1,26123
3.134.250,1,26124
134.122.75,1,26125
3.91.225,1,26126
44.224.235,1,26127
35.156.154,1,26128
106.13.173,1,26129
63.34.123,1,26130
180.76.238,1,26131
85.214.128,1,26132
99.80.172,1,26133
207.148.15,1,26134
18.222.9,1,26135
47.254.126,1,26136
34.242.74,1,26137
34.193.213,1,26138
157.245.178,1,26139
3.22.160,1,26140
18.189.155,1,26141
44.224.210,1,26142
45.33.93,1,26143
52.38.86,1,26144
63.34.229,1,26145
52.212.82,1,26146
54.76.96,1,26147
52.60.65,1,26148
18.222.250,1,26149
47.244.174,1,26150
18.216.222,1,26151
3.89.165,1,26152
52.202.148,1,26153
147.135.181,1,26154
45.76.64,1,26155
85.214.105,1,26156
34.248.51,1,26157
34.83.0,1,26158
62.246.56,1,26159
80.255.11,1,26160
3.136.67,1,26161
54.148.140,1,26162
167.86.81,1,26163
3.130.73,1,26164
78.46.225,1,26165
52.215.111,1,26166
52.8.194,1,26167
3.14.95,1,26168
3.132.232,1,26169
3.209.6,1,26170
3.214.16,1,26171
3.121.159,1,26172
54.70.238,1,26173
54.38.195,1,26174
54.86.154,1,26175
34.218.115,1,26176
35.160.14,1,26177
3.13.14,1,26178
13.52.129,1,26179
3.248.165,1,26180
95.216.207,1,26181
34.241.116,1,26182
137.74.44,1,26183
23.20.198,1,26184
46.51.200,1,26185
164.132.74,1,26186
217.69.4,1,26187
44.232.181,1,26188
44.228.58,1,26189
44.224.195,1,26190
52.91.157,1,26191
70.35.199,1,26192
63.35.142,1,26193
52.60.53,1,26194
144.202.54,1,26195
178.128.228,1,26196
37.252.187,1,26197
3.17.214,1,26198
108.175.7,1,26199
3.16.190,1,26200
67.207.83,1,26201
54.202.54,1,26202
34.248.152,1,26203
155.94.201,1,26204
159.69.189,1,26205
18.189.209,1,26206
140.82.33,1,26207
180.76.150,1,26208
157.245.136,1,26209
34.226.165,1,26210
52.215.75,1,26211
52.208.138,1,26212
149.28.9,1,26213
34.225.184,1,26214
3.248.87,1,26215
34.253.57,1,26216
3.135.27,1,26217
95.217.222,1,26218
139.180.133,1,26219
106.12.78,1,26220
100.24.124,1,26221
52.24.120,1,26222
37.187.163,1,26223
185.5.54,1,26224
3.23.19,1,26225
52.31.146,1,26226
52.30.104,1,26227
35.232.98,1,26228
45.32.89,1,26229
3.132.208,1,26230
3.23.153,1,26231
15.222.210,1,26232
44.226.116,1,26233
66.42.81,1,26234
44.224.216,1,26235
47.254.132,1,26236
45.63.2,1,26237
52.51.245,1,26238
44.225.34,1,26239
54.190.244,1,26240
174.138.42,1,26241
104.248.27,1,26242
54.212.167,1,26243
13.57.150,1,26244
34.105.75,1,26245
34.249.97,1,26246
95.179.187,1,26247
18.202.102,1,26248
45.32.92,1,26249
176.223.137,1,26250
47.254.177,1,26251
54.186.109,1,26252
52.210.96,1,26253
89.40.8,1,26254
52.39.92,1,26255
3.218.43,1,26256
106.12.158,1,26257
52.207.106,1,26258
44.225.73,1,26259
99.81.202,1,26260
94.23.76,1,26261
217.182.6,1,26262
155.138.235,1,26263
52.60.180,1,26264
35.182.46,1,26265
54.188.133,1,26266
52.211.173,1,26267
3.132.8,1,26268
157.230.138,1,26269
78.47.144,1,26270
34.125.17,1,26271
52.10.211,1,26272
44.225.59,1,26273
44.226.76,1,26274
149.28.132,1,26275
3.96.42,1,26276
18.221.240,1,26277
159.69.245,1,26278
52.215.113,1,26279
63.32.204,1,26280
44.227.237,1,26281
35.182.13,1,26282
182.61.16,1,26283
54.203.150,1,26284
13.59.194,1,26285
3.23.121,1,26286
106.12.133,1,26287
165.22.224,1,26288
46.105.62,1,26289
52.48.237,1,26290
34.105.6,1,26291
52.213.156,1,26292
47.244.203,1,26293
18.212.121,1,26294
5.196.123,1,26295
3.19.166,1,26296
15.222.181,1,26297
118.126.109,1,26298
167.71.66,1,26299
34.240.76,1,26300
99.81.196,1,26301
159.203.113,1,26302
18.222.125,1,26303
54.38.78,1,26304
99.81.131,1,26305
54.188.18,1,26306
34.250.240,1,26307
3.18.106,1,26308
34.239.140,1,26309
18.223.46,1,26310
44.225.18,1,26311
3.20.157,1,26312
3.132.101,1,26313
13.59.79,1,26314
3.13.24,1,26315
157.245.215,1,26316
68.183.220,1,26317
37.59.79,1,26318
95.217.60,1,26319
34.200.218,1,26320
116.202.105,1,26321
08/03/20,1,26322
35.182.153,1,26323
15.165.211,1,26324
3.232.112,1,26325
35.158.132,1,26326
52.25.147,1,26327
47.57.94,1,26328
95.217.12,1,26329
52.63.20,1,26330
100.24.121,1,26331
3.132.132,1,26332
164.132.228,1,26333
199.247.2,1,26334
3.234.176,1,26335
34.245.176,1,26336
95.217.216,1,26337
52.210.26,1,26338
178.128.9,1,26339
34.205.237,1,26340
52.209.168,1,26341
18.232.91,1,26342
46.105.45,1,26343
47.74.23,1,26344
34.251.74,1,26345
95.217.160,1,26346
54.203.246,1,26347
134.209.82,1,26348
45.32.239,1,26349
163.172.159,1,26350
78.47.227,1,26351
34.229.30,1,26352
51.68.121,1,26353
52.60.203,1,26354
15.222.206,1,26355
18.219.21,1,26356
18.202.211,1,26357
52.18.140,1,26358
52.60.141,1,26359
161.35.111,1,26360
142.93.112,1,26361
52.215.27,1,26362
35.188.105,1,26363
3.222.190,1,26364
188.68.39,1,26365
78.46.162,1,26366
52.215.32,1,26367
35.184.215,1,26368
34.212.211,1,26369
3.13.220,1,26370
35.183.219,1,26371
3.14.14,1,26372
34.246.157,1,26373
51.15.193,1,26374
54.213.131,1,26375
52.17.109,1,26376
45.63.20,1,26377
3.21.81,1,26378
88.99.185,1,26379
159.203.26,1,26380
44.227.5,1,26381
52.52.79,1,26382
63.35.90,1,26383
44.227.248,1,26384
3.14.109,1,26385
18.232.146,1,26386
09/08/04,1,26387
161.35.102,1,26388
94.130.224,1,26389
54.76.241,1,26390
34.200.234,1,26391
3.96.11,1,26392
3.132.219,1,26393
159.65.28,1,26394
164.132.119,1,26395
54.72.168,1,26396
18.224.24,1,26397
159.89.224,1,26398
92.222.64,1,26399
34.242.2,1,26400
34.249.196,1,26401
3.87.178,1,26402
44.226.41,1,26403
44.232.83,1,26404
99.79.94,1,26405
51.91.156,1,26406
18.207.129,1,26407
3.225.12,1,26408
44.228.79,1,26409
188.165.11,1,26410
13.56.154,1,26411
149.248.19,1,26412
52.37.167,1,26413
54.163.239,1,26414
18.200.110,1,26415
35.182.190,1,26416
34.235.187,1,26417
87.98.237,1,26418
51.178.16,1,26419
18.188.78,1,26420
54.76.174,1,26421
34.254.9,1,26422
18.191.144,1,26423
52.30.116,1,26424
34.247.193,1,26425
104.248.79,1,26426
34.252.57,1,26427
51.158.70,1,26428
52.6.179,1,26429
54.91.142,1,26430
116.203.118,1,26431
165.22.112,1,26432
52.211.36,1,26433
104.248.215,1,26434
52.208.32,1,26435
99.79.177,1,26436
165.22.227,1,26437
35.182.72,1,26438
44.227.27,1,26439
167.179.104,1,26440
144.202.101,1,26441
149.248.51,1,26442
52.209.27,1,26443
44.225.177,1,26444
63.35.125,1,26445
44.225.230,1,26446
13.59.16,1,26447
3.216.132,1,26448
34.247.20,1,26449
149.248.20,1,26450
18.130.220,1,26451
52.14.72,1,26452
34.255.70,1,26453
47.89.183,1,26454
45.77.157,1,26455
3.134.180,1,26456
68.183.12,1,26457
78.47.138,1,26458
107.174.254,1,26459
18.222.201,1,26460
34.201.32,1,26461
47.91.92,1,26462
3.130.138,1,26463
34.94.197,1,26464
54.189.60,1,26465
80.240.26,1,26466
54.189.44,1,26467
15.223.136,1,26468
99.79.24,1,26469
45.76.38,1,26470
18.203.78,1,26471
51.15.44,1,26472
35.158.171,1,26473
54.241.210,1,26474
45.76.162,1,26475
46.232.249,1,26476
206.81.5,1,26477
44.233.83,1,26478
3.21.188,1,26479
217.69.7,1,26480
149.248.8,1,26481
52.25.115,1,26482
13.58.247,1,26483
159.69.216,1,26484
3.14.70,1,26485
47.244.179,1,26486
149.28.95,1,26487
52.30.87,1,26488
15.222.150,1,26489
34.75.25,1,26490
165.22.22,1,26491
140.82.25,1,26492
3.137.63,1,26493
3.210.189,1,26494
159.69.182,1,26495
52.48.184,1,26496
3.132.114,1,26497
3.134.25,1,26498
34.250.228,1,26499
3.16.152,1,26500
70.35.198,1,26501
173.249.9,1,26502
3.93.34,1,26503
3.19.108,1,26504
159.89.155,1,26505
44.227.38,1,26506
34.239.180,1,26507
34.204.143,1,26508
52.30.180,1,26509
3.217.168,1,26510
52.13.107,1,26511
49.12.14,1,26512
47.56.92,1,26513
18.221.42,1,26514
47.89.235,1,26515
52.14.208,1,26516
159.203.44,1,26517
44.224.166,1,26518
78.47.250,1,26519
45.79.142,1,26520
45.77.59,1,26521
52.49.11,1,26522
34.218.121,1,26523
37.59.249,1,26524
52.3.99,1,26525
54.229.60,1,26526
44.225.159,1,26527
35.174.9,1,26528
52.229.21,1,26529
104.237.136,1,26530
54.72.0,1,26531
47.56.195,1,26532
34.242.150,1,26533
18.222.56,1,26534
54.190.93,1,26535
167.99.100,1,26536
44.226.162,1,26537
66.42.126,1,26538
34.250.82,1,26539
167.88.124,1,26540
44.225.200,1,26541
159.203.30,1,26542
63.35.231,1,26543
46.51.202,1,26544
167.172.234,1,26545
138.197.14,1,26546
44.225.198,1,26547
3.132.25,1,26548
185.243.8,1,26549
18.222.58,1,26550
3.132.181,1,26551
18.200.190,1,26552
80.211.222,1,26553
147.135.113,1,26554
142.93.154,1,26555
54.76.59,1,26556
52.49.46,1,26557
13.58.236,1,26558
18.188.6,1,26559
3.133.14,1,26560
142.93.142,1,26561
149.28.173,1,26562
157.245.103,1,26563
182.61.149,1,26564
18.220.202,1,26565
3.19.58,1,26566
15.222.194,1,26567
3.21.80,1,26568
3.21.74,1,26569
165.22.94,1,26570
18.190.16,1,26571
54.38.156,1,26572
100.21.237,1,26573
44.224.225,1,26574
205.185.122,1,26575
35.182.162,1,26576
52.60.193,1,26577
3.18.101,1,26578
178.62.68,1,26579
44.226.19,1,26580
3.132.50,1,26581
47.241.22,1,26582
18.216.151,1,26583
100.20.16,1,26584
3.93.36,1,26585
34.225.142,1,26586
134.122.23,1,26587
47.244.152,1,26588
34.230.250,1,26589
34.249.40,1,26590
66.79.188,1,26591
3.22.108,1,26592
52.212.67,1,26593
188.166.23,1,26594
82.223.67,1,26595
3.132.153,1,26596
116.203.202,1,26597
178.32.241,1,26598
3.209.241,1,26599
44.232.232,1,26600
149.248.36,1,26601
63.32.241,1,26602
8.209.101,1,26603
180.76.120,1,26604
51.15.207,1,26605
3.21.172,1,26606
85.217.171,1,26607
47.244.45,1,26608
3.132.80,1,26609
44.224.226,1,26610
18.191.250,1,26611
54.194.122,1,26612
99.79.112,1,26613
63.32.27,1,26614
52.215.54,1,26615
44.228.32,1,26616
3.231.193,1,26617
95.216.140,1,26618
13.56.192,1,26619
142.93.118,1,26620
95.217.152,1,26621
159.89.122,1,26622
3.23.164,1,26623
44.226.71,1,26624
13.57.148,1,26625
138.197.136,1,26626
44.231.211,1,26627
209.97.162,1,26628
52.209.165,1,26629
54.85.206,1,26630
54.183.207,1,26631
47.52.151,1,26632
34.82.33,1,26633
95.179.171,1,26634
45.76.212,1,26635
188.165.251,1,26636
52.27.24,1,26637
35.182.127,1,26638
18.200.83,1,26639
106.12.151,1,26640
18.205.171,1,26641
35.182.120,1,26642
3.134.166,1,26643
54.86.51,1,26644
3.132.115,1,26645
44.225.45,1,26646
52.50.246,1,26647
8.209.105,1,26648
34.255.236,1,26649
144.91.125,1,26650
165.22.228,1,26651
52.9.203,1,26652
3.132.95,1,26653
82.165.125,1,26654
35.237.207,1,26655
54.191.246,1,26656
52.60.200,1,26657
52.52.169,1,26658
13.56.78,1,26659
99.79.59,1,26660
52.27.18,1,26661
52.211.89,1,26662
52.35.121,1,26663
34.237.117,1,26664
35.183.66,1,26665
108.128.70,1,26666
116.203.46,1,26667
95.217.41,1,26668
35.230.17,1,26669
54.83.111,1,26670
18.191.213,1,26671
3.14.98,1,26672
18.185.157,1,26673
18.219.4,1,26674
149.28.16,1,26675
157.245.252,1,26676
35.182.49,1,26677
34.232.90,1,26678
13.57.107,1,26679
52.50.172,1,26680
3.134.1,1,26681
3.84.247,1,26682
217.182.16,1,26683
68.183.69,1,26684
44.233.166,1,26685
47.90.213,1,26686
85.214.87,1,26687
18.219.171,1,26688
106.12.108,1,26689
34.241.96,1,26690
35.183.56,1,26691
34.250.68,1,26692
8.208.82,1,26693
47.254.121,1,26694
88.99.12,1,26695
100.24.11,1,26696
51.178.26,1,26697
44.225.10,1,26698
54.162.74,1,26699
116.203.155,1,26700
52.50.211,1,26701
100.20.19,1,26702
01/03/61,1,26703
104.168.43,1,26704
35.224.121,1,26705
193.37.215,1,26706
35.239.138,1,26707
3.132.200,1,26708
108.128.198,1,26709
18.204.229,1,26710
108.129.38,1,26711
35.183.104,1,26712
51.15.212,1,26713
34.227.96,1,26714
100.21.255,1,26715
44.225.226,1,26716
3.23.65,1,26717
206.189.201,1,26718
88.214.10,1,26719
82.165.74,1,26720
195.128.102,1,26721
193.22.152,1,26722
18.208.229,1,26723
34.68.126,1,26724
34.242.62,1,26725
54.241.156,1,26726
63.33.88,1,26727
52.88.24,1,26728
51.77.245,1,26729
108.61.241,1,26730
52.41.233,1,26731
103.43.75,1,26732
34.216.172,1,26733
121.40.163,1,26734
52.25.50,1,26735
159.65.45,1,26736
18.218.52,1,26737
35.182.209,1,26738
18.217.34,1,26739
3.230.17,1,26740
52.11.202,1,26741
34.195.201,1,26742
35.183.253,1,26743
44.228.95,1,26744
88.99.39,1,26745
47.115.128,1,26746
54.81.84,1,26747
159.69.207,1,26748
199.247.6,1,26749
155.138.162,1,26750
95.216.153,1,26751
178.32.173,1,26752
44.226.132,1,26753
44.225.25,1,26754
44.227.56,1,26755
3.135.237,1,26756
54.202.51,1,26757
52.203.25,1,26758
164.132.63,1,26759
34.74.228,1,26760
35.161.94,1,26761
3.232.6,1,26762
54.163.88,1,26763
185.45.192,1,26764
18.191.220,1,26765
198.199.74,1,26766
134.209.231,1,26767
45.32.79,1,26768
159.203.42,1,26769
18.208.166,1,26770
52.19.165,1,26771
54.171.24,1,26772
52.50.42,1,26773
34.249.93,1,26774
100.21.98,1,26775
52.60.187,1,26776
34.207.144,1,26777
51.178.81,1,26778
100.21.8,1,26779
116.203.88,1,26780
3.248.143,1,26781
18.200.199,1,26782
35.183.103,1,26783
176.31.211,1,26784
52.215.8,1,26785
54.190.107,1,26786
99.79.57,1,26787
13.52.210,1,26788
47.56.173,1,26789
94.130.74,1,26790
18.236.37,1,26791
47.74.50,1,26792
35.168.113,1,26793
51.91.252,1,26794
54.68.71,1,26795
135.181.25,1,26796
54.229.61,1,26797
34.246.11,1,26798
52.16.206,1,26799
18.191.163,1,26800
44.228.177,1,26801
34.204.45,1,26802
135.181.24,1,26803
95.217.130,1,26804
52.49.48,1,26805
44.230.104,1,26806
18.191.84,1,26807
45.63.9,1,26808
13.52.204,1,26809
116.202.85,1,26810
18.224.149,1,26811
34.253.67,1,26812
52.16.171,1,26813
35.182.137,1,26814
199.247.16,1,26815
54.154.37,1,26816
149.129.227,1,26817
3.248.161,1,26818
198.27.69,1,26819
134.209.56,1,26820
34.248.200,1,26821
3.91.45,1,26822
18.200.119,1,26823
34.248.234,1,26824
212.227.203,1,26825
52.79.80,1,26826
207.246.108,1,26827
34.249.202,1,26828
44.227.29,1,26829
149.28.71,1,26830
108.61.84,1,26831
91.134.196,1,26832
18.189.219,1,26833
100.20.31,1,26834
99.80.167,1,26835
44.232.5,1,26836
3.13.128,1,26837
54.224.163,1,26838
46.101.101,1,26839
45.32.155,1,26840
35.197.88,1,26841
34.249.34,1,26842
3.228.77,1,26843
5.189.167,1,26844
18.191.219,1,26845
52.50.45,1,26846
45.79.48,1,26847
3.23.184,1,26848
45.130.147,1,26849
3.96.0,1,26850
3.208.188,1,26851
47.244.177,1,26852
3.132.91,1,26853
100.24.51,1,26854
54.177.162,1,26855
52.8.120,1,26856
15.222.218,1,26857
34.251.23,1,26858
18.217.94,1,26859
134.122.20,1,26860
146.148.56,1,26861
99.80.140,1,26862
54.68.203,1,26863
3.23.120,1,26864
3.22.165,1,26865
18.222.28,1,26866
18.188.29,1,26867
34.70.156,1,26868
3.136.219,1,26869
157.230.99,1,26870
74.208.82,1,26871
106.12.11,1,26872
44.224.202,1,26873
45.32.198,1,26874
44.233.244,1,26875
82.199.134,1,26876
52.60.101,1,26877
54.70.13,1,26878
3.132.159,1,26879
3.134.39,1,26880
167.99.229,1,26881
13.56.33,1,26882
52.51.242,1,26883
44.225.106,1,26884
167.88.114,1,26885
47.88.28,1,26886
54.190.51,1,26887
104.248.243,1,26888
18.191.194,1,26889
35.222.23,1,26890
176.158.29,1,26891
18.216.183,1,26892
18.221.252,1,26893
34.253.145,1,26894
159.65.107,1,26895
34.245.25,1,26896
47.254.156,1,26897
157.230.140,1,26898
64.225.52,1,26899
64.225.127,1,26900
35.203.146,1,26901
35.190.179,1,26902
52.60.97,1,26903
217.182.37,1,26904
52.89.3,1,26905
159.65.226,1,26906
178.33.57,1,26907
45.147.201,1,26908
35.231.21,1,26909
47.244.49,1,26910
54.191.53,1,26911
174.138.33,1,26912
178.33.38,1,26913
44.225.171,1,26914
3.20.163,1,26915
95.216.155,1,26916
52.37.46,1,26917
47.90.215,1,26918
3.14.221,1,26919
165.227.63,1,26920
3.230.158,1,26921
52.15.45,1,26922
51.15.201,1,26923
138.68.248,1,26924
18.188.198,1,26925
3.132.117,1,26926
54.77.116,1,26927
137.74.47,1,26928
45.77.187,1,26929
104.248.206,1,26930
167.71.4,1,26931
140.82.45,1,26932
54.154.208,1,26933
165.22.93,1,26934
159.203.6,1,26935
3.232.133,1,26936
18.231.162,1,26937
18.206.85,1,26938
18.203.140,1,26939
54.154.72,1,26940
18.204.214,1,26941
18.224.116,1,26942
3.91.112,1,26943
47.57.96,1,26944
34.248.160,1,26945
3.93.40,1,26946
47.241.76,1,26947
18.219.123,1,26948
3.213.239,1,26949
63.34.39,1,26950
35.182.111,1,26951
52.30.213,1,26952
44.226.233,1,26953
52.212.241,1,26954
54.246.210,1,26955
34.247.87,1,26956
44.226.166,1,26957
51.77.144,1,26958
52.229.56,1,26959
44.226.170,1,26960
44.225.13,1,26961
3.132.154,1,26962
34.66.60,1,26963
18.215.118,1,26964
18.222.11,1,26965
99.80.211,1,26966
34.67.90,1,26967
3.212.185,1,26968
47.252.87,1,26969
155.138.130,1,26970
52.50.146,1,26971
52.13.83,1,26972
116.203.139,1,26973
116.203.107,1,26974
47.241.10,1,26975
35.172.33,1,26976
3.17.87,1,26977
107.175.21,1,26978
204.152.210,1,26979
35.233.155,1,26980
52.50.19,1,26981
144.202.21,1,26982
18.209.211,1,26983
140.82.20,1,26984
128.199.94,1,26985
217.69.8,1,26986
54.236.155,1,26987
52.4.13,1,26988
34.215.107,1,26989
44.225.2,1,26990
165.22.201,1,26991
18.191.160,1,26992
35.182.10,1,26993
50.112.181,1,26994
52.38.156,1,26995
104.248.245,1,26996
51.255.58,1,26997
18.214.36,1,26998
95.217.220,1,26999
18.203.117,1,27000
142.93.5,1,27001
104.155.187,1,27002
35.182.108,1,27003
34.247.192,1,27004
3.21.1,1,27005
138.197.168,1,27006
47.56.159,1,27007
34.250.239,1,27008
45.77.38,1,27009
87.98.244,1,27010
8.210.7,1,27011
35.155.58,1,27012
45.76.2,1,27013
3.19.32,1,27014
106.13.17,1,27015
107.191.44,1,27016
52.19.224,1,27017
52.7.99,1,27018
108.129.68,1,27019
52.60.188,1,27020
8.209.98,1,27021
34.242.177,1,27022
3.19.56,1,27023
95.216.154,1,27024
34.206.194,1,27025
3.211.64,1,27026
35.226.193,1,27027
95.216.191,1,27028
189.181.193,1,27029
45.76.27,1,27030
52.209.5,1,27031
35.182.199,1,27032
182.61.22,1,27033
34.82.131,1,27034
54.187.221,1,27035
35.171.79,1,27036
3.18.31,1,27037
3.22.103,1,27038
167.71.229,1,27039
144.202.38,1,27040
52.60.86,1,27041
44.227.133,1,27042
47.241.129,1,27043
138.197.134,1,27044
34.74.169,1,27045
3.229.252,1,27046
44.229.162,1,27047
54.188.11,1,27048
51.77.146,1,27049
34.75.189,1,27050
34.232.193,1,27051
159.203.47,1,27052
142.93.200,1,27053
34.208.135,1,27054
167.172.179,1,27055
3.136.173,1,27056
165.227.80,1,27057
47.254.170,1,27058
44.226.11,1,27059
52.30.44,1,27060
142.93.159,1,27061
54.91.75,1,27062
116.203.223,1,27063
63.34.138,1,27064
52.60.234,1,27065
47.241.65,1,27066
78.141.220,1,27067
15.222.183,1,27068
178.128.219,1,27069
136.244.111,1,27070
180.76.159,1,27071
35.182.132,1,27072
47.244.33,1,27073
52.207.167,1,27074
52.60.82,1,27075
3.134.8,1,27076
34.254.20,1,27077
51.178.50,1,27078
3.134.58,1,27079
207.180.204,1,27080
99.81.5,1,27081
159.69.54,1,27082
54.203.82,1,27083
52.37.172,1,27084
87.106.126,1,27085
44.225.120,1,27086
35.194.49,1,27087
34.247.17,1,27088
207.154.201,1,27089
34.243.174,1,27090
54.69.82,1,27091
54.88.173,1,27092
44.230.67,1,27093
209.97.153,1,27094
3.18.142,1,27095
35.155.170,1,27096
3.135.13,1,27097
34.197.239,1,27098
3.20.171,1,27099
106.12.134,1,27100
74.208.210,1,27101
68.183.75,1,27102
54.162.106,1,27103
136.244.87,1,27104
3.232.1,1,27105
100.20.114,1,27106
63.35.140,1,27107
34.83.143,1,27108
47.241.37,1,27109
34.253.236,1,27110
34.192.153,1,27111
45.77.91,1,27112
45.76.172,1,27113
3.95.222,1,27114
207.148.91,1,27115
80.240.25,1,27116
165.227.85,1,27117
47.241.78,1,27118
18.217.30,1,27119
52.48.218,1,27120
44.224.179,1,27121
34.249.2,1,27122
78.46.214,1,27123
18.189.249,1,27124
15.164.102,1,27125
44.227.166,1,27126
167.99.182,1,27127
63.35.61,1,27128
54.225.191,1,27129
47.52.31,1,27130
52.214.97,1,27131
34.250.7,1,27132
34.243.77,1,27133
52.8.40,1,27134
54.171.226,1,27135
52.14.75,1,27136
95.216.118,1,27137
134.209.96,1,27138
213.32.50,1,27139
198.211.97,1,27140
165.22.197,1,27141
52.21.107,1,27142
3.22.32,1,27143
49.12.108,1,27144
46.101.16,1,27145
121.36.160,1,27146
44.226.118,1,27147
50.112.56,1,27148
35.202.136,1,27149
95.217.128,1,27150
116.203.73,1,27151
45.63.117,1,27152
144.202.127,1,27153
52.213.71,1,27154
34.244.84,1,27155
106.13.198,1,27156
18.190.119,1,27157
15.222.193,1,27158
18.189.60,1,27159
45.77.190,1,27160
52.13.73,1,27161
52.210.104,1,27162
44.233.195,1,27163
54.70.67,1,27164
95.217.161,1,27165
47.241.72,1,27166
44.224.136,1,27167
54.171.97,1,27168
192.241.158,1,27169
44.224.181,1,27170
35.175.201,1,27171
106.12.99,1,27172
45.32.175,1,27173
167.99.57,1,27174
3.218.146,1,27175
209.250.236,1,27176
54.218.156,1,27177
3.95.89,1,27178
159.65.49,1,27179
34.242.229,1,27180
188.68.58,1,27181
34.249.186,1,27182
50.18.13,1,27183
35.166.148,1,27184
47.244.24,1,27185
128.199.45,1,27186
44.224.28,1,27187
52.71.152,1,27188
13.56.22,1,27189
34.105.111,1,27190
47.251.11,1,27191
52.49.21,1,27192
34.233.144,1,27193
37.71.95,1,27194
18.202.118,1,27195
3.23.175,1,27196
51.15.56,1,27197
116.202.20,1,27198
104.1.241,1,27199
35.239.246,1,27200
51.15.78,1,27201
47.241.66,1,27202
95.217.164,1,27203
52.50.248,1,27204
34.243.225,1,27205
63.35.160,1,27206
35.183.220,1,27207
54.210.249,1,27208
18.220.76,1,27209
35.182.177,1,27210
3.228.207,1,27211
173.82.232,1,27212
34.243.223,1,27213
52.19.78,1,27214
107.20.113,1,27215
52.55.30,1,27216
62.171.128,1,27217
149.28.29,1,27218
34.66.81,1,27219
34.241.94,1,27220
35.162.146,1,27221
44.232.201,1,27222
34.240.198,1,27223
13.57.140,1,27224
182.61.12,1,27225
44.225.193,1,27226
52.209.51,1,27227
15.222.225,1,27228
116.203.21,1,27229
195.201.114,1,27230
54.191.58,1,27231
18.237.73,1,27232
44.225.58,1,27233
95.216.221,1,27234
34.70.164,1,27235
3.132.133,1,27236
35.183.80,1,27237
162.253.155,1,27238
37.44.215,1,27239
18.218.75,1,27240
44.225.131,1,27241
3.23.68,1,27242
3.90.135,1,27243
107.191.55,1,27244
52.9.242,1,27245
46.51.130,1,27246
83.55.238,1,27247
54.145.203,1,27248
52.203.174,1,27249
99.80.250,1,27250
82.223.66,1,27251
44.226.127,1,27252
47.57.101,1,27253
54.72.35,1,27254
108.128.85,1,27255
18.218.207,1,27256
51.68.46,1,27257
3.23.144,1,27258
165.22.230,1,27259
118.25.79,1,27260
35.183.146,1,27261
3.134.205,1,27262
182.61.41,1,27263
45.77.103,1,27264
18.221.121,1,27265
159.89.225,1,27266
18.202.91,1,27267
54.218.60,1,27268
34.246.165,1,27269
44.228.11,1,27270
52.40.26,1,27271
52.38.95,1,27272
52.210.254,1,27273
52.60.93,1,27274
13.211.149,1,27275
45.76.229,1,27276
52.37.15,1,27277
18.204.247,1,27278
34.74.16,1,27279
34.240.13,1,27280
99.80.63,1,27281
151.80.53,1,27282
145.239.84,1,27283
3.230.100,1,27284
138.68.19,1,27285
100.25.98,1,27286
54.184.36,1,27287
52.12.48,1,27288
35.155.87,1,27289
44.228.185,1,27290
44.225.12,1,27291
34.251.56,1,27292
91.134.25,1,27293
134.209.227,1,27294
3.137.7,1,27295
18.184.189,1,27296
47.254.193,1,27297
52.53.219,1,27298
47.254.67,1,27299
54.189.221,1,27300
35.171.178,1,27301
64.227.107,1,27302
44.230.47,1,27303
52.31.236,1,27304
94.130.99,1,27305
18.217.182,1,27306
3.130.225,1,27307
40.71.88,1,27308
106.13.206,1,27309
15.236.105,1,27310
18.209.110,1,27311
107.21.169,1,27312
3.132.150,1,27313
142.93.123,1,27314
3.22.211,1,27315
52.60.145,1,27316
34.205.34,1,27317
3.17.24,1,27318
54.215.253,1,27319
52.214.110,1,27320
52.18.227,1,27321
18.200.99,1,27322
159.89.114,1,27323
8.209.240,1,27324
3.134.75,1,27325
52.52.67,1,27326
52.205.37,1,27327
35.168.99,1,27328
104.248.135,1,27329
47.75.36,1,27330
3.234.175,1,27331
34.247.34,1,27332
3.224.131,1,27333
3.135.58,1,27334
44.230.179,1,27335
34.214.138,1,27336
52.13.216,1,27337
3.21.123,1,27338
212.24.99,1,27339
52.43.26,1,27340
54.154.110,1,27341
18.224.210,1,27342
167.99.7,1,27343
95.179.152,1,27344
34.254.29,1,27345
44.233.183,1,27346
51.77.151,1,27347
44.227.80,1,27348
15.164.48,1,27349
165.22.123,1,27350
45.55.42,1,27351
52.16.87,1,27352
205.185.125,1,27353
54.183.24,1,27354
13.211.177,1,27355
136.244.100,1,27356
164.132.3,1,27357
34.200.229,1,27358
52.89.140,1,27359
54.38.55,1,27360
35.182.2,1,27361
34.246.166,1,27362
52.210.155,1,27363
51.89.172,1,27364
54.190.172,1,27365
3.14.150,1,27366
174.138.35,1,27367
100.21.137,1,27368
178.32.101,1,27369
116.203.150,1,27370
44.228.205,1,27371
88.99.33,1,27372
165.22.205,1,27373
82.223.109,1,27374
104.248.133,1,27375
34.228.85,1,27376
18.219.108,1,27377
52.87.88,1,27378
18.224.212,1,27379
44.225.77,1,27380
34.208.233,1,27381
167.88.125,1,27382
3.132.61,1,27383
34.253.107,1,27384
54.72.137,1,27385
3.224.106,1,27386
34.246.83,1,27387
159.69.183,1,27388
34.249.133,1,27389
52.36.16,1,27390
3.23.24,1,27391
100.20.255,1,27392
54.226.223,1,27393
18.211.51,1,27394
68.183.207,1,27395
3.229.226,1,27396
52.49.188,1,27397
35.182.54,1,27398
35.164.137,1,27399
47.88.92,1,27400
167.114.145,1,27401
52.212.47,1,27402
45.89.228,1,27403
195.201.101,1,27404
46.59.38,1,27405
100.20.99,1,27406
45.76.81,1,27407
34.246.106,1,27408
54.37.17,1,27409
52.60.166,1,27410
54.76.118,1,27411
167.179.95,1,27412
35.233.195,1,27413
3.233.68,1,27414
47.75.208,1,27415
34.82.155,1,27416
44.225.190,1,27417
44.228.250,1,27418
106.12.104,1,27419
35.183.225,1,27420
47.241.34,1,27421
49.12.38,1,27422
176.31.197,1,27423
157.245.68,1,27424
3.232.111,1,27425
13.57.83,1,27426
94.16.120,1,27427
3.132.109,1,27428
3.218.73,1,27429
142.93.46,1,27430
18.219.162,1,27431
94.176.233,1,27432
52.18.111,1,27433
44.227.89,1,27434
54.171.140,1,27435
34.249.36,1,27436
3.209.10,1,27437
52.8.102,1,27438
116.203.149,1,27439
95.217.221,1,27440
63.32.230,1,27441
52.10.142,1,27442
15.222.217,1,27443
3.19.134,1,27444
34.255.87,1,27445
47.241.68,1,27446
34.82.139,1,27447
54.219.116,1,27448
18.189.23,1,27449
35.173.204,1,27450
44.225.21,1,27451
18.232.180,1,27452
54.194.224,1,27453
107.172.103,1,27454
62.151.183,1,27455
108.128.211,1,27456
3.135.69,1,27457
44.224.238,1,27458
35.182.15,1,27459
54.158.145,1,27460
159.69.85,1,27461
127.0.0,1,27462
52.8.173,1,27463
51.91.164,1,27464
18.185.172,1,27465
44.224.139,1,27466
34.69.254,1,27467
54.214.78,1,27468
78.47.70,1,27469
3.230.11,1,27470
44.232.150,1,27471
63.33.122,1,27472
182.61.21,1,27473
52.25.117,1,27474
54.77.63,1,27475
18.200.101,1,27476
100.20.97,1,27477
94.23.169,1,27478
35.182.188,1,27479
34.250.190,1,27480
44.227.122,1,27481
149.28.85,1,27482
63.209.32,1,27483
167.71.190,1,27484
161.35.54,1,27485
173.249.8,1,27486
35.238.83,1,27487
50.112.57,1,27488
13.239.97,1,27489
52.88.174,1,27490
34.247.249,1,27491
155.138.174,1,27492
3.16.150,1,27493
52.211.132,1,27494
206.81.25,1,27495
3.21.135,1,27496
52.60.43,1,27497
100.25.64,1,27498
74.208.159,1,27499
45.79.37,1,27500
18.202.249,1,27501
52.31.209,1,27502
178.33.42,1,27503
13.58.33,1,27504
54.84.255,1,27505
3.23.74,1,27506
54.77.71,1,27507
95.217.156,1,27508
54.37.18,1,27509
47.240.230,1,27510
34.193.223,1,27511
88.99.243,1,27512
52.51.131,1,27513
107.150.108,1,27514
155.138.139,1,27515
52.30.143,1,27516
18.214.209,1,27517
165.22.80,1,27518
23.22.26,1,27519
45.76.107,1,27520
54.227.90,1,27521
88.198.197,1,27522
34.199.132,1,27523
163.172.222,1,27524
52.213.59,1,27525
3.96.15,1,27526
116.203.137,1,27527
52.43.177,1,27528
159.69.121,1,27529
54.185.234,1,27530
80.240.19,1,27531
35.182.87,1,27532
44.227.143,1,27533
34.247.180,1,27534
207.148.17,1,27535
54.89.151,1,27536
54.163.123,1,27537
149.28.252,1,27538
142.93.117,1,27539
35.245.132,1,27540
3.134.210,1,27541
45.80.148,1,27542
52.11.142,1,27543
52.213.18,1,27544
47.56.170,1,27545
34.217.82,1,27546
44.227.247,1,27547
52.60.245,1,27548
54.224.247,1,27549
35.196.44,1,27550
45.77.184,1,27551
44.226.234,1,27552
52.205.4,1,27553
198.27.68,1,27554
107.22.221,1,27555
3.18.103,1,27556
34.243.148,1,27557
44.226.249,1,27558
3.132.209,1,27559
44.225.211,1,27560
207.246.70,1,27561
34.250.229,1,27562
51.83.99,1,27563
3.21.157,1,27564
34.206.166,1,27565
54.189.236,1,27566
138.197.169,1,27567
50.116.0,1,27568
34.73.151,1,27569
3.132.184,1,27570
52.51.37,1,27571
45.76.159,1,27572
34.241.182,1,27573
34.232.15,1,27574
18.215.214,1,27575
100.21.154,1,27576
34.205.8,1,27577
70.35.196,1,27578
52.50.166,1,27579
52.53.53,1,27580
51.158.171,1,27581
185.5.52,1,27582
34.236.243,1,27583
52.32.220,1,27584
52.66.4,1,27585
52.37.95,1,27586
159.69.199,1,27587
3.22.178,1,27588
66.42.87,1,27589
54.203.231,1,27590
107.161.29,1,27591
34.250.233,1,27592
47.241.104,1,27593
3.15.252,1,27594
50.19.5,1,27595
100.24.109,1,27596
44.227.139,1,27597
63.33.209,1,27598
15.223.140,1,27599
3.217.200,1,27600
18.196.118,1,27601
18.202.144,1,27602
35.247.92,1,27603
3.133.246,1,27604
18.221.248,1,27605
3.96.14,1,27606
18.190.29,1,27607
178.62.209,1,27608
68.183.43,1,27609
51.15.216,1,27610
35.225.16,1,27611
52.37.159,1,27612
68.183.168,1,27613
54.159.21,1,27614
52.214.143,1,27615
104.248.23,1,27616
80.195.255,1,27617
44.229.1,1,27618
44.226.230,1,27619
45.63.93,1,27620
15.222.171,1,27621
34.251.167,1,27622
3.91.170,1,27623
35.160.138,1,27624
140.82.0,1,27625
47.56.243,1,27626
54.200.3,1,27627
159.69.145,1,27628
104.192.6,1,27629
78.47.10,1,27630
44.227.113,1,27631
198.46.202,1,27632
34.105.36,1,27633
167.71.56,1,27634
52.204.57,1,27635
18.190.34,1,27636
47.91.166,1,27637
44.229.21,1,27638
99.79.162,1,27639
108.129.17,1,27640
142.93.250,1,27641
45.32.204,1,27642
106.12.143,1,27643
3.228.34,1,27644
34.72.113,1,27645
35.170.218,1,27646
3.248.146,1,27647
3.130.244,1,27648
3.21.179,1,27649
18.215.7,1,27650
82.223.28,1,27651
151.80.103,1,27652
52.2.197,1,27653
116.203.25,1,27654
47.56.143,1,27655
167.71.82,1,27656
3.17.16,1,27657
34.193.151,1,27658
47.88.19,1,27659
3.135.44,1,27660
116.203.49,1,27661
54.38.227,1,27662
63.35.29,1,27663
99.81.132,1,27664
47.91.212,1,27665
103.40.27,1,27666
209.250.255,1,27667
13.56.52,1,27668
35.183.11,1,27669
52.9.176,1,27670
15.188.186,1,27671
68.183.112,1,27672
51.79.65,1,27673
3.137.34,1,27674
18.188.179,1,27675
35.232.80,1,27676
44.224.106,1,27677
3.132.128,1,27678
18.191.207,1,27679
108.128.145,1,27680
18.218.206,1,27681
18.235.75,1,27682
3.22.106,1,27683
44.224.164,1,27684
34.193.123,1,27685
3.133.253,1,27686
34.240.9,1,27687
35.196.226,1,27688
3.17.207,1,27689
51.89.21,1,27690
51.38.83,1,27691
52.26.219,1,27692
18.190.22,1,27693
18.223.160,1,27694
199.223.235,1,27695
100.21.12,1,27696
157.245.82,1,27697
3.19.28,1,27698
116.202.30,1,27699
138.128.217,1,27700
63.33.5,1,27701
140.82.8,1,27702
149.28.202,1,27703
47.75.42,1,27704
108.61.171,1,27705
3.20.144,1,27706
54.229.206,1,27707
34.75.155,1,27708
3.130.126,1,27709
99.80.132,1,27710
51.254.108,1,27711
34.247.240,1,27712
80.211.107,1,27713
144.91.67,1,27714
18.190.145,1,27715
34.224.105,1,27716
3.132.121,1,27717
44.224.169,1,27718
195.201.217,1,27719
159.65.177,1,27720
54.194.119,1,27721
44.228.18,1,27722
34.253.202,1,27723
47.241.28,1,27724
18.189.231,1,27725
35.196.60,1,27726
52.49.57,1,27727
18.188.54,1,27728
3.134.72,1,27729
52.52.76,1,27730
52.28.210,1,27731
185.52.3,1,27732
52.215.138,1,27733
52.18.44,1,27734
47.91.74,1,27735
3.134.230,1,27736
99.81.181,1,27737
44.228.229,1,27738
52.215.95,1,27739
3.233.196,1,27740
3.208.93,1,27741
116.203.134,1,27742
18.231.195,1,27743
39.98.33,1,27744
167.172.219,1,27745
52.60.130,1,27746
35.237.37,1,27747
178.32.60,1,27748
44.227.50,1,27749
52.26.105,1,27750
34.246.230,1,27751
95.217.184,1,27752
5.189.160,1,27753
52.213.151,1,27754
54.77.172,1,27755
116.203.24,1,27756
100.21.13,1,27757
18.191.152,1,27758
136.243.82,1,27759
62.171.147,1,27760
44.229.9,1,27761
185.203.119,1,27762
34.255.145,1,27763
47.252.25,1,27764
167.99.154,1,27765
51.15.229,1,27766
51.178.182,1,27767
47.253.4,1,27768
3.211.200,1,27769
34.253.129,1,27770
116.203.77,1,27771
165.22.203,1,27772
3.95.4,1,27773
159.69.147,1,27774
165.22.75,1,27775
52.37.223,1,27776
99.80.28,1,27777
3.235.74,1,27778
99.81.208,1,27779
206.189.206,1,27780
18.202.46,1,27781
47.89.191,1,27782
45.77.189,1,27783
54.88.48,1,27784
3.137.26,1,27785
91.134.201,1,27786
149.28.111,1,27787
78.46.191,1,27788
155.138.194,1,27789
44.226.78,1,27790
35.160.196,1,27791
104.248.82,1,27792
12/03/39,1,27793
34.242.228,1,27794
207.148.18,1,27795
52.49.104,1,27796
52.16.40,1,27797
35.158.112,1,27798
3.214.196,1,27799
52.51.63,1,27800
149.28.93,1,27801
3.96.7,1,27802
100.21.89,1,27803
99.81.122,1,27804
13.58.245,1,27805
63.32.171,1,27806
3.17.36,1,27807
15.222.118,1,27808
34.255.176,1,27809
68.183.124,1,27810
167.99.114,1,27811
54.76.172,1,27812
52.12.85,1,27813
64.227.8,1,27814
52.214.207,1,27815
34.241.63,1,27816
45.76.87,1,27817
34.208.14,1,27818
138.201.246,1,27819
63.35.66,1,27820
95.217.183,1,27821
44.224.82,1,27822
66.42.86,1,27823
3.93.50,1,27824
54.190.158,1,27825
3.210.253,1,27826
15.222.185,1,27827
52.209.112,1,27828
52.42.101,1,27829
47.241.39,1,27830
34.202.133,1,27831
44.227.211,1,27832
35.222.165,1,27833
35.239.172,1,27834
52.52.51,1,27835
54.152.60,1,27836
149.28.109,1,27837
3.132.94,1,27838
3.136.56,1,27839
54.71.112,1,27840
3.86.133,1,27841
52.60.124,1,27842
44.227.58,1,27843
47.57.76,1,27844
138.68.27,1,27845
3.101.39,1,27846
35.167.176,1,27847
34.249.221,1,27848
140.82.61,1,27849
54.236.162,1,27850
54.184.95,1,27851
3.130.5,1,27852
144.202.31,1,27853
94.23.146,1,27854
54.213.146,1,27855
188.165.140,1,27856
167.71.64,1,27857
104.156.255,1,27858
35.182.65,1,27859
207.180.222,1,27860
